0 0.52265625 0.759375 0.015625 0.02109375
0 0.68203125 0.8859375 0.0109375 0.01328125
0 0.85234375 0.66953125 0.0109375 0.0171875
0 0.9625 0.7109375 0.01328125 0.01953125
0 0.984375 0.07734375 0.01875 0.02109375
0 0.896875 0.1859375 0.01875 0.02890625
0 0.6078125 0.13359375 0.025 0.03046875
0 0.0515625 0.0109375 0.01640625 0.02109375
0 0.04765625 0.190625 0.01796875 0.0203125
0 0.203125 0.24921875 0.0171875 0.02265625
0 0.453125 0.1921875 0.03203125 0.0484375
0 0.1984375 0.01171875 0.02578125 0.0234375
0 0.20703125 0.03984375 0.01875 0.01953125
0 0.26328125 0.92265625 0.0296875 0.03359375
0 0.93359375 0.7671875 0.015625 0.0203125
0 0.9890625 0.03203125 0.02109375 0.03046875
0 0.9546875 0.0640625 0.021875 0.02734375
0 0.60390625 0.19921875 0.02265625 0.02734375
0 0.5953125 0.2390625 0.021875 0.028125
0 0.140625 0.07109375 0.0203125 0.02265625
0 0.26171875 0.01953125 0.03359375 0.03828125
0 0.253125 0.140625 0.02109375 0.025
0 0.05234375 0.12265625 0.02265625 0.03125
0 0.2328125 0.18515625 0.015625 0.0171875
0 0.70390625 0.53984375 0.02421875 0.03046875
0 0.7625 0.53125 0.01328125 0.0171875
0 0.76328125 0.4890625 0.0203125 0.025
0 0.81953125 0.53828125 0.015625 0.01328125
0 0.80859375 0.53984375 0.0109375 0.01484375
0 0.80703125 0.56015625 0.009375 0.0171875
0 0.79140625 0.5390625 0.0109375 0.01328125
0 0.78203125 0.5421875 0.00859375 0.0125
0 0.76875 0.57734375 0.0140625 0.02109375
0 0.68125 0.6578125 0.01640625 0.015625
0 0.70234375 0.66953125 0.01328125 0.02109375
0 0.678125 0.74296875 0.01328125 0.0171875
0 0.6796875 0.7625 0.01640625 0.0203125
0 0.75234375 0.778125 0.0234375 0.02890625
0 0.8296875 0.63125 0.01484375 0.01953125
0 0.81015625 0.60234375 0.00859375 0.0109375
0 0.796875 0.6375 0.0171875 0.025
0 0.81328125 0.6625 0.01796875 0.0234375
0 0.784375 0.70078125 0.0203125 0.02265625
0 0.7671875 0.7015625 0.01640625 0.01796875
0 0.74609375 0.51484375 0.01328125 0.0203125
0 0.775 0.62265625 0.025 0.02890625
0 0.01015625 0.053125 0.0203125 0.028125
0 0.05 0.1578125 0.01796875 0.025
0 0.68984375 0.1484375 0.01796875 0.01796875
0 0.61015625 0.1828125 0.009375 0.01328125
0 0.6875 0.2 0.03671875 0.06640625
0 0.62890625 0.1421875 0.0125 0.0171875
0 0.71796875 0.0703125 0.0171875 0.03046875
0 0.75 0.0796875 0.01328125 0.01484375
0 0.76171875 0.12109375 0.01640625 0.03515625
0 0.95234375 0.10703125 0.02578125 0.02734375
0 0.9109375 0.13828125 0.02578125 0.02734375
0 0.9421875 0.13828125 0.02578125 0.03359375
0 0.934375 0.0859375 0.0234375 0.0375
0 0.9734375 0.03828125 0.01015625 0.01796875
0 0.98203125 0.05625 0.015625 0.01796875
0 0.96171875 0.08515625 0.0171875 0.01953125
0 0.28984375 0.128125 0.0171875 0.02265625
0 0.265625 0.17265625 0.03046875 0.04140625
0 0.8125 0.63828125 0.015625 0.02578125
0 0.7171875 0.94375 0.02890625 0.03828125
0 0.2546875 0.984375 0.02109375 0.02890625
0 0.11953125 0.15625 0.025 0.040625
0 0.31640625 0.08984375 0.015625 0.02578125
0 0.48671875 0.11015625 0.01328125 0.015625
0 0.5734375 0.0671875 0.028125 0.040625
0 0.87265625 0.0609375 0.02578125 0.0453125
0 0.80625 0.1703125 0.0328125 0.0453125
0 0.64453125 0.115625 0.01796875 0.03046875
0 0.653125 0.1453125 0.0171875 0.02890625
0 0.09765625 0.58828125 0.0171875 0.0234375
0 0.1296875 0.58828125 0.03046875 0.04140625
0 0.3125 0.98984375 0.01796875 0.01796875
0 0.29296875 0.88203125 0.01796875 0.028125
0 0.28515625 0.9671875 0.0109375 0.015625
0 0.41953125 0.87109375 0.01640625 0.02578125
0 0.39453125 0.88828125 0.02265625 0.03515625
0 0.3734375 0.8421875 0.02109375 0.02265625
0 0.50078125 0.75546875 0.015625 0.02265625
0 0.48984375 0.77109375 0.0125 0.02265625
0 0.4765625 0.78359375 0.0109375 0.01953125
0 0.51171875 0.69453125 0.015625 0.028125
0 0.525 0.721875 0.0140625 0.02734375
0 0.50546875 0.72265625 0.0171875 0.02109375
0 0.4890625 0.715625 0.0125 0.0171875
0 0.47890625 0.71953125 0.00859375 0.01796875
0 0.465625 0.7390625 0.0078125 0.0125
0 0.45234375 0.8421875 0.01796875 0.02734375
0 0.39609375 0.79375 0.0171875 0.02734375
0 0.3796875 0.79375 0.01484375 0.025
0 0.3734375 0.94375 0.02421875 0.02890625
0 0.39921875 0.93515625 0.01875 0.028125
0 0.41796875 0.9546875 0.0265625 0.02890625
0 0.434375 0.984375 0.02265625 0.02890625
0 0.4515625 0.97421875 0.015625 0.025
0 0.59765625 0.89609375 0.0234375 0.03046875
0 0.5921875 0.83984375 0.03359375 0.04140625
0 0.58828125 0.80546875 0.01640625 0.02578125
0 0.81875 0.92109375 0.028125 0.0359375
0 0.91875 0.8546875 0.02265625 0.02890625
0 0.87890625 0.5234375 0.01875 0.02734375
0 0.81640625 0.4375 0.01875 0.02578125
0 0.81171875 0.5015625 0.015625 0.02578125
0 0.8359375 0.65625 0.0171875 0.02734375
0 0.72265625 0.68203125 0.0171875 0.0171875
0 0.715625 0.6625 0.01328125 0.02734375
0 0.71171875 0.64609375 0.01875 0.0234375
0 0.7390625 0.66796875 0.01328125 0.01953125
0 0.7390625 0.690625 0.0140625 0.0203125
0 0.8375 0.79921875 0.03046875 0.0484375
0 0.77578125 0.8578125 0.021875 0.03046875
0 0.8390625 0.95234375 0.028125 0.03359375
0 0.83515625 0.9828125 0.0234375 0.03125
0 0.8875 0.9359375 0.04453125 0.0453125
0 0.93359375 0.79140625 0.02265625 0.02890625
0 0.98828125 0.79296875 0.021875 0.02890625
0 0.95625 0.7921875 0.02578125 0.0375
0 0.9390625 0.684375 0.01640625 0.02734375
0 0.9546875 0.6828125 0.0171875 0.02265625
0 0.971875 0.69375 0.0171875 0.02734375
0 0.98515625 0.46953125 0.028125 0.07421875
0 0.853125 0.50078125 0.02109375 0.028125
0 0.8640625 0.65234375 0.01875 0.025
0 0.8921875 0.6625 0.0390625 0.05546875
0 0.64453125 0.7078125 0.02890625 0.03515625
0 0.646875 0.75859375 0.0265625 0.0375
0 0.56875 0.71171875 0.015625 0.02890625
0 0.5984375 0.6890625 0.02265625 0.03125
0 0.6234375 0.6921875 0.0171875 0.02109375
0 0.8515625 0.546875 0.02265625 0.028125
0 0.865625 0.58828125 0.01796875 0.028125
0 0.7265625 0.9890625 0.03359375 0.0203125
0 0.58359375 0.753125 0.01484375 0.025
0 0.5484375 0.71328125 0.025 0.0375
0 0.23828125 0.1625 0.01640625 0.02734375
0 0.1296875 0.05703125 0.01484375 0.0171875
0 0.14453125 0.1078125 0.0171875 0.0171875
0 0.121875 0.07578125 0.01640625 0.025
0 0.053125 0.228125 0.0390625 0.059375
0 0.68671875 0.97890625 0.03671875 0.040625
0 0.640625 0.95078125 0.02109375 0.0234375
0 0.63046875 0.98203125 0.0265625 0.03359375
0 0.54609375 0.959375 0.021875 0.040625
0 0.571875 0.9 0.01796875 0.02265625
0 0.57265625 0.86328125 0.0296875 0.0390625
0 0.71875 0.765625 0.025 0.03359375
0 0.72265625 0.7296875 0.02265625 0.025
0 0.7515625 0.7265625 0.02421875 0.0328125
0 0.78046875 0.80078125 0.0265625 0.040625
0 0.85546875 0.9046875 0.0328125 0.04140625
0 0.78203125 0.97421875 0.07265625 0.04921875
0 0.98203125 0.95859375 0.0203125 0.0359375
0 0.946875 0.9765625 0.03046875 0.03515625
0 0.91953125 0.7453125 0.021875 0.0328125
0 0.94921875 0.7421875 0.01640625 0.02265625
0 0.828125 0.60703125 0.01328125 0.01796875
0 0.57421875 0.96015625 0.02265625 0.0375
0 0.4828125 0.91953125 0.03125 0.04375
0 0.01796875 0.2421875 0.0359375 0.0625
0 0.09140625 0.1921875 0.03359375 0.04765625
0 0.734375 0.6296875 0.02890625 0.040625
0 0.07265625 0.26953125 0.03671875 0.05078125
0 0.25 0.1125 0.0359375 0.040625
0 0.68203125 0.93046875 0.04140625 0.06171875
0 0.53203125 0.16640625 0.03046875 0.0390625
0 0.44140625 0.0765625 0.0359375 0.05390625
0 0.1484375 0.13671875 0.03125 0.0484375
0 0.83203125 0.03125 0.01328125 0.0234375
0 0.36875 0.08203125 0.03046875 0.040625
0 0.49375 0.0296875 0.0140625 0.01484375
0 0.8078125 0.09140625 0.015625 0.02109375
0 0.82109375 0.07578125 0.01796875 0.02109375
0 0.84140625 0.0609375 0.025 0.02890625
0 0.9578125 0.02890625 0.02265625 0.03359375
0 0.90546875 0.1015625 0.02421875 0.025
0 0.72890625 0.96875 0.01484375 0.025
0 0.53359375 0.84140625 0.0140625 0.01953125
0 0.5015625 0.89140625 0.0140625 0.02109375
0 0.4 0.81953125 0.015625 0.02265625
0 0.86796875 0.56328125 0.021875 0.02734375
0 0.84453125 0.58203125 0.02109375 0.02578125
0 0.7484375 0.96484375 0.0140625 0.02265625
0 0.384375 0.9171875 0.025 0.028125
0 0.3609375 0.79140625 0.0140625 0.0171875
0 0.2453125 0.51484375 0.021875 0.02578125
0 0.12265625 0.24921875 0.015625 0.0203125
0 0.3 0.1765625 0.04609375 0.065625
0 0.825 0.56171875 0.0203125 0.028125
0 0.80390625 0.82578125 0.02265625 0.025
0 0.02890625 0.528125 0.021875 0.025
0 0.03515625 0.0453125 0.0234375 0.02734375
0 0.53359375 0.68125 0.0171875 0.02265625
0 0.20703125 0.43515625 0.009375 0.0171875
0 0.228125 0.425 0.0125 0.0125
0 0.25390625 0.43671875 0.015625 0.02109375
0 0.09765625 0.240625 0.03203125 0.04140625
0 0.33359375 0.18203125 0.01796875 0.03046875
0 0.790625 0.50390625 0.021875 0.0328125
0 0.56484375 0.91796875 0.0140625 0.0203125
0 0.45859375 0.88828125 0.021875 0.0234375
0 0.365625 0.8109375 0.01640625 0.01796875
0 0.34296875 0.92265625 0.0234375 0.02734375
0 0.59609375 0.98515625 0.03359375 0.028125
0 0.5578125 0.81953125 0.02890625 0.05390625
0 0.9390625 0.56875 0.03046875 0.04296875
0 0.84765625 0.42265625 0.0234375 0.02265625
0 0.44765625 0.9234375 0.021875 0.02734375
0 0.34296875 0.88828125 0.0203125 0.02578125
0 0.3265625 0.92890625 0.01640625 0.02734375
0 0.33515625 0.82421875 0.01640625 0.01796875
0 0.72265625 0.70234375 0.0203125 0.025
0 0.96484375 0.74296875 0.01328125 0.02109375
0 0.26328125 0.06953125 0.01640625 0.02578125
0 0.2078125 0.1765625 0.028125 0.0375
0 0.28984375 0.009375 0.02265625 0.01796875
0 0.2984375 0.0953125 0.01875 0.0234375
0 0.29375 0.06796875 0.02421875 0.028125
0 0.29140625 0.03828125 0.028125 0.03359375
0 0.4859375 0.1375 0.0265625 0.03359375
0 0.60390625 0.16796875 0.01484375 0.01796875
0 0.7859375 0.45234375 0.0265625 0.0328125
0 0.93359375 0.403125 0.01484375 0.0203125
0 0.69375 0.7125 0.025 0.03046875
0 0.36875 0.8859375 0.0203125 0.028125
0 0.5390625 0.7953125 0.0234375 0.02890625
0 0.9890625 0.83203125 0.02109375 0.04765625
0 0.98671875 0.6796875 0.02109375 0.02578125
0 0.94375 0.6203125 0.025 0.03125
0 0.9 0.5453125 0.02265625 0.02890625
0 0.18828125 0.2375 0.0203125 0.02734375
0 0.43984375 0.1203125 0.02265625 0.02578125
0 0.6078125 0.01171875 0.03046875 0.0234375
0 0.578125 0.0296875 0.02890625 0.03515625
0 0.60234375 0.0890625 0.0234375 0.02890625
0 0.60625 0.059375 0.0171875 0.028125
0 0.91171875 0.0171875 0.02265625 0.03359375
0 0.7484375 0.0296875 0.02109375 0.028125
0 0.371875 0.11875 0.03671875 0.0328125
0 0.42734375 0.0234375 0.03671875 0.04609375
0 0.459375 0.01640625 0.02578125 0.028125
0 0.54609375 0.06875 0.01875 0.025
0 0.63125 0.0140625 0.01796875 0.02578125
0 0.60390625 0.0328125 0.0203125 0.0203125
0 0.65 0.0265625 0.0234375 0.03515625
0 0.72265625 0.09765625 0.01796875 0.0234375
0 0.50703125 0.11171875 0.02421875 0.0234375
0 0.3234375 0.121875 0.0296875 0.03515625
0 0.7234375 0.04296875 0.025 0.03046875
0 0.871875 0.01640625 0.04765625 0.0328125
0 0.6265625 0.125 0.01796875 0.0203125
0 0.6421875 0.2125 0.05234375 0.0734375
0 0.56953125 0.19921875 0.02265625 0.02265625
0 0.55625 0.18046875 0.015625 0.02265625
0 0.6765625 0.55625 0.0296875 0.03359375
0 0.88828125 0.73671875 0.03359375 0.04140625
0 0.61484375 0.9421875 0.025 0.02890625
0 0.7109375 0.01640625 0.03828125 0.0328125
0 0.35390625 0.02890625 0.02890625 0.04296875
0 0.58359375 0.16015625 0.02265625 0.03046875
0 0.43984375 0.7890625 0.01875 0.0328125
0 0.42265625 0.846875 0.01640625 0.025
0 0.29296875 0.94453125 0.021875 0.03125
0 0.025 0.68515625 0.028125 0.0375
0 0.14765625 0.55859375 0.03203125 0.03359375
0 0.565625 0.2359375 0.040625 0.04609375
0 0.64296875 0.89609375 0.05078125 0.06640625
0 0.86484375 0.98203125 0.03671875 0.03359375
0 0.959375 0.48359375 0.034375 0.04609375
0 0.32109375 0.97265625 0.0234375 0.03515625
0 0.0125 0.50078125 0.02421875 0.05625
0 0.11015625 0.11015625 0.04375 0.0515625
0 0.49453125 0.01328125 0.0390625 0.0265625
0 0.66875 0.85546875 0.025 0.040625
0 0.68125 0.7984375 0.02890625 0.040625
0 0.9328125 0.82578125 0.02890625 0.04375
0 0.9078125 0.81328125 0.01796875 0.028125
0 0.89921875 0.89375 0.01875 0.0234375
0 0.8953125 0.0703125 0.0296875 0.0390625
0 0.975 0.11171875 0.03125 0.040625
0 0.67421875 0.1203125 0.0375 0.0453125
0 0.0328125 0.55546875 0.02421875 0.0328125
0 0.0328125 0.60546875 0.04140625 0.06640625
0 0.0875 0.628125 0.065625 0.0671875
0 0.5078125 0.96640625 0.0421875 0.0484375
0 0.34609375 0.85 0.02578125 0.03046875
0 0.3171875 0.89609375 0.02890625 0.03046875
0 0.61796875 0.8421875 0.01796875 0.02890625
0 0.959375 0.83359375 0.028125 0.04375
0 0.953125 0.91640625 0.03125 0.05546875
0 0.90390625 0.98359375 0.040625 0.03046875
0 0.72578125 0.90390625 0.025 0.04296875
0 0.75 0.93359375 0.034375 0.03828125
0 0.80546875 0.125 0.034375 0.040625
0 0.3578125 0.19296875 0.02578125 0.028125
0 0.353125 0.153125 0.0296875 0.0359375
0 0.30546875 0.85 0.03125 0.040625
0 0.890625 0.79140625 0.021875 0.03125
0 0.228125 0.01640625 0.02578125 0.0328125
0 0.88671875 0.58828125 0.025 0.03515625
0 0.49609375 0.85546875 0.03125 0.040625
0 0.0546875 0.68359375 0.0296875 0.03828125
0 0.0265625 0.6546875 0.0265625 0.0328125
0 0.36484375 0.31015625 0.0203125 0.0234375
0 0.5140625 0.06171875 0.03359375 0.05546875
0 0.734375 0.18515625 0.04375 0.05078125
0 0.41484375 0.778125 0.01640625 0.02890625
0 0.98359375 0.76171875 0.02578125 0.03046875
0 0.98671875 0.90625 0.025 0.05546875
0 0.846875 0.09609375 0.03203125 0.04375
0 0.95859375 0.53203125 0.0265625 0.04609375
0 0.83203125 0.72890625 0.04140625 0.06328125
0 0.4015625 0.0875 0.034375 0.05078125
0 0.11171875 0.28828125 0.03828125 0.0515625
0 0.9140625 0.47109375 0.0421875 0.06640625
0 0.68359375 0.046875 0.03984375 0.0484375
0 0.56875 0.2890625 0.04765625 0.053125
0 0.49296875 0.18046875 0.05078125 0.059375
0 0.39140625 0.1609375 0.04375 0.04765625
0 0.42734375 0.16015625 0.0328125 0.0375
0 0.15546875 0.03515625 0.04453125 0.04765625
0 0.23125 0.06171875 0.0265625 0.0359375
0 0.28203125 0.43828125 0.0296875 0.03828125
0 0.10859375 0.0171875 0.03984375 0.03359375
0 0.0765625 0.1 0.02890625 0.0390625
0 0.09375 0.06171875 0.0296875 0.0375
0 0.01640625 0.16015625 0.0328125 0.04296875
0 0.025 0.1015625 0.040625 0.06171875
0 0.06484375 0.028125 0.01484375 0.02265625
0 0.01328125 0.01875 0.02578125 0.0375
0 0.14296875 0.2109375 0.0296875 0.0390625
0 0.1484375 0.271875 0.028125 0.0390625
0 0.8703125 0.7671875 0.03203125 0.0390625
0 0.6421875 0.82734375 0.02578125 0.03359375
0 0.3875 0.03828125 0.03359375 0.03828125
0 0.8984375 0.86796875 0.025 0.03828125
0 0.6265625 0.08203125 0.03125 0.0578125
0 0.5484375 0.0203125 0.0375 0.040625
0 0.33046875 0.04765625 0.03671875 0.05390625
0 0.97734375 0.54296875 0.015625 0.03046875
0 0.97734375 0.59375 0.0296875 0.0390625
0 0.81640625 0.85 0.028125 0.04375
0 0.7578125 0.8296875 0.028125 0.04140625
0 0.7109375 0.84140625 0.0390625 0.06328125
0 0.17578125 0.18046875 0.0359375 0.0359375
0 0.16328125 0.23828125 0.0234375 0.03515625
0 0.17109375 0.28046875 0.0296875 0.05390625
0 0.196875 0.278125 0.02421875 0.04296875
0 0.17421875 0.32578125 0.02890625 0.04609375
0 0.58515625 0.70859375 0.02109375 0.03359375
0 0.5 0.80390625 0.0390625 0.065625
0 0.8546875 0.1421875 0.040625 0.04375
0 0.80234375 0.0328125 0.04921875 0.05859375
0 0.77890625 0.07578125 0.03984375 0.06171875
0 0.6 0.27109375 0.02421875 0.0390625
0 0.19375 0.0859375 0.04375 0.0640625
0 0.475 0.0796875 0.03046875 0.0484375
0 0.565625 0.12421875 0.0359375 0.04375
0 0.525 0.8921875 0.0375 0.0609375
0 0.6125 0.7421875 0.03671875 0.05859375
0 0.28359375 0.49296875 0.028125 0.03515625
0 0.14375 0.33203125 0.0359375 0.040625
0 0.140625 0.384375 0.03359375 0.04296875
0 0.09921875 0.34375 0.03984375 0.04375
0 0.37265625 0.39921875 0.046875 0.06171875