0 0.81171875 0.515625 0.01640625 0.0203125
0 0.84296875 0.60546875 0.02109375 0.0234375
0 0.9171875 0.58671875 0.00703125 0.00703125
0 0.896875 0.609375 0.00859375 0.0078125
0 0.88984375 0.61171875 0.0078125 0.009375
0 0.31015625 0.97578125 0.04765625 0.04609375
0 0.31484375 0.8515625 0.0625 0.06953125
0 0.08359375 0.44765625 0.03203125 0.02734375
0 0.08984375 0.4078125 0.015625 0.01875
0 0.04921875 0.35859375 0.0484375 0.05234375
0 0.1671875 0.3515625 0.04375 0.0375
0 0.72265625 0.80859375 0.03203125 0.025
0 0.81875 0.40703125 0.02109375 0.02109375
0 0.78046875 0.371875 0.02109375 0.02421875
0 0.5375 0.37734375 0.009375 0.0125
0 0.7421875 0.43359375 0.01328125 0.01328125
0 0.73515625 0.4796875 0.0265625 0.0296875
0 0.7765625 0.53671875 0.02421875 0.021875
0 0.73359375 0.51328125 0.03671875 0.03515625
0 0.73984375 0.68046875 0.02734375 0.0453125
0 0.71015625 0.68046875 0.034375 0.034375
0 0.821875 0.75703125 0.04140625 0.03359375
0 0.740625 0.76171875 0.02421875 0.02109375
0 0.70390625 0.77109375 0.03984375 0.0453125
0 0.053125 0.56875 0.01875 0.0171875
0 0.05546875 0.5875 0.0234375 0.0203125
0 0.7609375 0.36484375 0.0140625 0.01796875
0 0.78125 0.4203125 0.02734375 0.02734375
0 0.84609375 0.41953125 0.015625 0.0171875
0 0.89296875 0.4296875 0.0203125 0.02421875
0 0.8578125 0.509375 0.015625 0.01796875
0 0.74375 0.61484375 0.02109375 0.02109375
0 0.76328125 0.63359375 0.01484375 0.0234375
0 0.84921875 0.540625 0.02265625 0.0203125
0 0.4421875 0.79375 0.03515625 0.03671875
0 0.38125 0.8828125 0.03515625 0.0453125
0 0.59453125 0.93359375 0.0109375 0.015625
0 0.771875 0.44921875 0.0265625 0.02734375
0 0.7703125 0.728125 0.0234375 0.0234375
0 0.77421875 0.746875 0.021875 0.0203125
0 0.74375 0.78515625 0.0234375 0.02890625
0 0.05234375 0.5390625 0.025 0.02578125
0 0.19453125 0.31484375 0.01484375 0.01953125
0 0.16796875 0.2953125 0.0359375 0.0296875
0 0.13125 0.31796875 0.0328125 0.03046875
0 0.82109375 0.29921875 0.01328125 0.01328125
0 0.7578125 0.3984375 0.02421875 0.02421875
0 0.77890625 0.671875 0.0234375 0.0203125
0 0.6828125 0.68046875 0.01640625 0.0203125
0 0.70390625 0.525 0.0140625 0.01328125
0 0.74921875 0.73671875 0.02421875 0.028125
0 0.5890625 0.81171875 0.01328125 0.015625
0 0.6984375 0.70625 0.0140625 0.01640625
0 0.7984375 0.62265625 0.0140625 0.02109375
0 0.778125 0.61953125 0.01484375 0.01953125
0 0.72421875 0.6484375 0.01640625 0.015625
0 0.6796875 0.6515625 0.02109375 0.0203125
0 0.71796875 0.53984375 0.01640625 0.0171875
0 0.6984375 0.6484375 0.01640625 0.0171875
0 0.7296875 0.72265625 0.01640625 0.021875
0 0.61953125 0.79140625 0.0171875 0.02109375
0 0.42421875 0.84609375 0.03984375 0.05234375
0 0.109375 0.44609375 0.02109375 0.0296875
0 0.7140625 0.61484375 0.01640625 0.0171875
0 0.8171875 0.43046875 0.021875 0.021875
0 0.01953125 0.578125 0.0390625 0.053125
0 0.0203125 0.8015625 0.03984375 0.07109375
0 0.971875 0.9140625 0.02421875 0.03359375
0 0.79140625 0.34609375 0.01328125 0.01953125
0 0.81484375 0.634375 0.01796875 0.028125
0 0.0078125 0.44765625 0.015625 0.0203125
0 0.0203125 0.40703125 0.03984375 0.05703125
0 0.1046875 0.33359375 0.0234375 0.0234375
0 0.13828125 0.45703125 0.01796875 0.02421875
0 0.134375 0.4 0.01484375 0.01796875
0 0.16015625 0.40703125 0.05 0.06953125
0 0.21171875 0.01875 0.0359375 0.03203125
0 0.1859375 0.0453125 0.04296875 0.0515625
0 0.009375 0.359375 0.01875 0.02421875
0 0.1125 0.396875 0.03125 0.03125
0 0.01015625 0.10078125 0.0203125 0.02265625
0 0.01171875 0.04921875 0.0234375 0.046875
0 0.0375 0.04296875 0.01875 0.0203125
0 0.05625 0.03984375 0.01796875 0.02109375
0 0.209375 0.10859375 0.10703125 0.08359375
0 0.94375 0.58515625 0.01640625 0.0171875
0 0.83671875 0.5046875 0.0203125 0.02265625
0 0.678125 0.70625 0.02421875 0.02734375
0 0.70625 0.54765625 0.01328125 0.015625
0 0.14453125 0.06484375 0.0375 0.034375
0 0.21875 0.36484375 0.0625 0.0734375
0 0.17421875 0.26328125 0.03671875 0.03671875
0 0.09140625 0.3 0.0296875 0.0375
0 0.2609375 0.89140625 0.02421875 0.0234375
0 0.228125 0.9125 0.03046875 0.0390625
0 0.2609375 0.9265625 0.021875 0.025
0 0.4671875 0.915625 0.01328125 0.01484375
0 0.909375 0.95234375 0.0828125 0.09296875
0 0.97734375 0.6984375 0.0203125 0.025
0 0.8875 0.63984375 0.01328125 0.0171875
0 0.69375 0.615625 0.0234375 0.0171875
0 0.66796875 0.5953125 0.01328125 0.0140625
0 0.6828125 0.578125 0.0234375 0.02109375
0 0.66015625 0.603125 0.01171875 0.01328125
0 0.64921875 0.625 0.034375 0.02265625
0 0.759375 0.65859375 0.0140625 0.01640625
0 0.87890625 0.5421875 0.015625 0.01875
0 0.82578125 0.53359375 0.01484375 0.01328125
0 0.39140625 0.81171875 0.046875 0.0546875
0 0.06171875 0.015625 0.04609375 0.0296875
0 0.80625 0.46015625 0.025 0.0234375
0 0.965625 0.7796875 0.02890625 0.03671875
0 0.77578125 0.703125 0.03984375 0.034375
0 0.09375 0.3609375 0.040625 0.04296875
0 0.340625 0.80234375 0.05546875 0.05390625
0 0.94140625 0.79296875 0.0265625 0.03515625
0 0.8375 0.5765625 0.02421875 0.0296875
0 0.20703125 0.2875 0.034375 0.0359375
0 0.02421875 0.51328125 0.0484375 0.06328125
0 0.6359375 0.68828125 0.028125 0.040625
0 0.84375 0.9125 0.06015625 0.0859375
0 0.86484375 0.446875 0.028125 0.028125
0 0.7671875 0.57734375 0.0453125 0.059375
0 0.484375 0.45625 0.10859375 0.1203125
0 0.0890625 0.06171875 0.0515625 0.0390625
0 0.06171875 0.62109375 0.03515625 0.04375
0 0.03828125 0.46875 0.05078125 0.06171875
0 0.11015625 0.02734375 0.03046875 0.03203125
0 0.82578125 0.690625 0.01328125 0.0171875
0 0.8421875 0.74296875 0.0171875 0.015625
0 0.91796875 0.86171875 0.08984375 0.08828125
0 0.7453125 0.45 0.01484375 0.01640625
0 0.9046875 0.3203125 0.0125 0.01171875
0 0.84140625 0.29765625 0.01328125 0.01640625
0 0.81171875 0.30078125 0.00859375 0.0109375
0 0.8046875 0.31328125 0.01171875 0.01484375
0 0.83125 0.321875 0.02109375 0.0234375
0 0.84921875 0.34765625 0.0265625 0.02578125
0 0.82890625 0.359375 0.01328125 0.01640625
0 0.88203125 0.40625 0.01953125 0.01953125
0 0.84765625 0.46484375 0.01953125 0.01640625
0 0.84609375 0.49140625 0.01875 0.0234375
0 0.05078125 0.31171875 0.03828125 0.03515625
0 0.015625 0.321875 0.03125 0.03828125
0 0.03203125 0.2609375 0.0640625 0.078125
0 0.478125 0.7078125 0.01953125 0.021875
0 0.47265625 0.73671875 0.02265625 0.025
0 0.4046875 0.65234375 0.04453125 0.03125
0 0.33125 0.7203125 0.025 0.025
0 0.3515625 0.69140625 0.02578125 0.0359375
0 0.37890625 0.7484375 0.05234375 0.05
0 0.434375 0.73671875 0.053125 0.06875
0 0.7203125 0.56328125 0.01796875 0.01640625
0 0.7421875 0.64765625 0.01640625 0.015625
0 0.75078125 0.54296875 0.02421875 0.0234375
0 0.7140625 0.5890625 0.03046875 0.028125
0 0.65546875 0.65546875 0.0328125 0.0203125
0 0.72109375 0.7390625 0.015625 0.021875
0 0.67109375 0.81171875 0.0203125 0.02890625
0 0.63671875 0.95546875 0.02265625 0.0203125
0 0.6328125 0.9265625 0.03046875 0.034375
0 0.63515625 0.90078125 0.021875 0.0234375
0 0.60546875 0.91328125 0.01328125 0.0109375
0 0.61015625 0.93046875 0.0171875 0.015625
0 0.6046875 0.89375 0.02109375 0.02578125
0 0.6125 0.8625 0.0296875 0.0328125
0 0.78359375 0.7796875 0.03046875 0.028125
0 0.7140625 0.71484375 0.01875 0.01875
0 0.7 0.73125 0.0265625 0.025
0 0.665625 0.78125 0.02578125 0.02734375
0 0.6484375 0.80234375 0.02421875 0.02890625
0 0.634375 0.82265625 0.02734375 0.03671875
0 0.61796875 0.95703125 0.03125 0.0359375
0 0.53671875 0.96640625 0.01328125 0.01484375
0 0.4875 0.9921875 0.01171875 0.01328125
0 0.515625 0.98828125 0.0140625 0.0171875
0 0.2515625 0.9703125 0.06484375 0.05703125
0 0.29921875 0.91875 0.059375 0.06796875
0 0.2765625 0.07890625 0.065625 0.07578125
0 0.225 0.1953125 0.0796875 0.08984375
0 0.2796875 0.0203125 0.04453125 0.040625
0 0.27890625 0.1765625 0.04296875 0.03671875
0 0.57890625 0.91875 0.0203125 0.0328125
0 0.03828125 0.934375 0.0765625 0.1140625
0 0.39296875 0.68359375 0.05234375 0.05078125
0 0.43828125 0.534375 0.0515625 0.053125
0 0.4734375 0.5703125 0.065625 0.05625
0 0.8171875 0.72421875 0.04140625 0.046875
0 0.04921875 0.1625 0.0859375 0.0953125
0 0.14140625 0.175 0.08125 0.0734375
0 0.053125 0.72265625 0.08046875 0.10234375
0 0.36328125 0.06171875 0.115625 0.10703125
0 0.11015625 0.25390625 0.08203125 0.08671875