0 0.01484375 0.10859375 0.0296875 0.05
0 0.34375 0.4734375 0.0296875 0.03984375
0 0.32109375 0.63359375 0.0265625 0.03359375
0 0.3421875 0.61953125 0.0171875 0.025
0 0.3609375 0.6140625 0.01953125 0.01953125
0 0.278125 0.9578125 0.03828125 0.03046875
0 0.278125 0.91015625 0.05234375 0.053125
0 0.30078125 0.9640625 0.02109375 0.0234375
0 0.38828125 0.046875 0.05859375 0.0609375
0 0.0328125 0.753125 0.02109375 0.02578125
0 0.01015625 0.76796875 0.015625 0.01875
0 0.00859375 0.7953125 0.01640625 0.03515625
0 0.01015625 0.83125 0.01640625 0.02109375
0 0.034375 0.83359375 0.0265625 0.03125
0 0.046875 0.87109375 0.028125 0.0328125
0 0.15390625 0.9015625 0.01875 0.02734375
0 0.15390625 0.70625 0.025 0.025
0 0.2890625 0.06796875 0.01953125 0.0328125
0 0.26015625 0.27265625 0.0203125 0.02265625
0 0.4796875 0.509375 0.03203125 0.0390625
0 0.48984375 0.47109375 0.0328125 0.03828125
0 0.3875 0.61640625 0.03203125 0.03515625
0 0.21171875 0.421875 0.02421875 0.02421875
0 0.603125 0.321875 0.03515625 0.040625
0 0.40078125 0.44609375 0.03515625 0.04296875
0 0.37109375 0.46796875 0.0265625 0.04140625
0 0.47578125 0.70546875 0.0328125 0.0390625
0 0.21015625 0.8046875 0.025 0.03359375
0 0.4171875 0.771875 0.02734375 0.046875
0 0.41484375 0.83046875 0.0171875 0.021875
0 0.475 0.8171875 0.03203125 0.04921875
0 0.23984375 0.24921875 0.01875 0.01953125
0 0.2171875 0.89296875 0.05703125 0.06953125
0 0.2265625 0.97109375 0.04140625 0.0484375
0 0.43203125 0.8671875 0.046875 0.0484375
0 0.51328125 0.96171875 0.03046875 0.04453125
0 0.02421875 0.8046875 0.01796875 0.02265625
0 0.375 0.7578125 0.0609375 0.0625
0 0.390625 0.85546875 0.0328125 0.034375
0 0.98515625 0.22890625 0.02890625 0.06953125
0 0.9828125 0.49453125 0.0328125 0.04609375
0 0.03359375 0.73046875 0.0203125 0.01875
0 0.1171875 0.6875 0.01875 0.02421875
0 0.06484375 0.68828125 0.02421875 0.0265625
0 0.05 0.709375 0.02421875 0.02734375
0 0.02578125 0.69453125 0.03515625 0.03515625
0 0.0734375 0.6421875 0.0296875 0.034375
0 0.08203125 0.6078125 0.0296875 0.03203125
0 0.11328125 0.628125 0.01875 0.021875
0 0.0171875 0.4421875 0.03359375 0.03359375
0 0.0734375 0.3515625 0.0234375 0.02265625
0 0.05703125 0.33125 0.0265625 0.025
0 0.15703125 0.359375 0.03046875 0.0328125
0 0.034375 0.253125 0.0265625 0.03515625
0 0.05703125 0.2734375 0.03203125 0.03125
0 0.61484375 0.11796875 0.02265625 0.0296875
0 0.4734375 0.86484375 0.034375 0.03984375
0 0.44921875 0.8234375 0.02734375 0.0359375
0 0.35 0.11875 0.03125 0.02734375
0 0.53515625 0.0671875 0.02109375 0.02421875
0 0.28203125 0.03203125 0.01953125 0.028125
0 0.3609375 0.6375 0.02890625 0.028125
0 0.36015625 0.70625 0.02109375 0.02265625
0 0.31953125 0.8125 0.02421875 0.02578125
0 0.45078125 0.9765625 0.03203125 0.04453125
0 0.48125 0.978125 0.03046875 0.0421875
0 0.3671875 0.82109375 0.0515625 0.053125
0 0.4078125 0.6671875 0.0328125 0.040625
0 0.46328125 0.11171875 0.01875 0.025
0 0.57265625 0.28203125 0.021875 0.02265625
0 0.61640625 0.24296875 0.0265625 0.0265625
0 0.675 0.04921875 0.02421875 0.02578125
0 0.70234375 0.11875 0.0328125 0.03125
0 0.65 0.1109375 0.02265625 0.02734375
0 0.4875 0.10625 0.01328125 0.01875
0 0.446875 0.12578125 0.0171875 0.0171875
0 0.3875 0.13203125 0.028125 0.03203125
0 0.259375 0.02109375 0.02265625 0.02890625
0 0.26171875 0.046875 0.02734375 0.03046875
0 0.49609375 0.784375 0.0328125 0.034375
0 0.3546875 0.87265625 0.02421875 0.03203125
0 0.409375 0.91328125 0.053125 0.05625
0 0.2765625 0.98515625 0.046875 0.02890625
0 0.98125 0.55625 0.0359375 0.06484375
0 0.5609375 0.1765625 0.021875 0.025
0 0.628125 0.1796875 0.0171875 0.01640625
0 0.6375 0.1546875 0.01015625 0.01328125
0 0.42421875 0.07265625 0.01796875 0.021875
0 0.290625 0.01015625 0.028125 0.0203125
0 0.23671875 0.29609375 0.01171875 0.0140625
0 0.26484375 0.2546875 0.01484375 0.01875
0 0.26328125 0.23671875 0.0140625 0.01796875
0 0.5203125 0.23125 0.0171875 0.0203125
0 0.53828125 0.1671875 0.0265625 0.03046875
0 0.609375 0.2875 0.02890625 0.0375
0 0.62265625 0.43046875 0.01875 0.01875
0 0.59296875 0.50078125 0.01640625 0.028125
0 0.59296875 0.55703125 0.0109375 0.01171875
0 0.603125 0.5421875 0.0125 0.0171875
0 0.59765625 0.36796875 0.02421875 0.03671875
0 0.5703125 0.328125 0.01796875 0.0203125
0 0.54609375 0.30703125 0.02578125 0.02734375
0 0.49296875 0.32734375 0.0296875 0.028125
0 0.4671875 0.3578125 0.02578125 0.0390625
0 0.4421875 0.36171875 0.0265625 0.028125
0 0.49296875 0.36171875 0.025 0.03515625
0 0.49140625 0.39453125 0.01640625 0.028125
0 0.5125 0.3828125 0.021875 0.03046875
0 0.51875 0.42578125 0.04296875 0.0484375
0 0.4859375 0.43671875 0.0296875 0.0375
0 0.33515625 0.271875 0.01484375 0.015625
0 0.33515625 0.29765625 0.02265625 0.02734375
0 0.05 0.2984375 0.0296875 0.03046875
0 0.41796875 0.35390625 0.0125 0.01875
0 0.53671875 0.346875 0.04609375 0.046875
0 0.19375 0.9859375 0.0265625 0.0265625
0 0.575 0.01328125 0.02109375 0.02578125
0 0.42578125 0.0125 0.0140625 0.025
0 0.44609375 0.01015625 0.025 0.01953125
0 0.4296875 0.0328125 0.01171875 0.0109375
0 0.4046875 0.01171875 0.0265625 0.0234375
0 0.44921875 0.075 0.0109375 0.01328125
0 0.5171875 0.03125 0.01796875 0.02109375
0 0.44609375 0.11171875 0.0140625 0.0171875
0 0.50703125 0.12890625 0.015625 0.01796875
0 0.525 0.11484375 0.01875 0.02578125
0 0.56015625 0.121875 0.025 0.03359375
0 0.49375 0.053125 0.01953125 0.02421875
0 0.49375 0.02890625 0.0265625 0.02734375
0 0.59375 0.05859375 0.0203125 0.01953125
0 0.5734375 0.0421875 0.025 0.034375
0 0.559375 0.07265625 0.0265625 0.028125
0 0.4359375 0.10234375 0.01015625 0.0140625
0 0.4421875 0.14609375 0.01875 0.0234375
0 0.5953125 0.2203125 0.0203125 0.0234375
0 0.67109375 0.1140625 0.02265625 0.0234375
0 0.73515625 0.2 0.01171875 0.01328125
0 0.56171875 0.2109375 0.01484375 0.01875
0 0.55234375 0.25078125 0.0328125 0.034375
0 0.52421875 0.26640625 0.0296875 0.046875
0 0.571875 0.30390625 0.02421875 0.025
0 0.67890625 0.3515625 0.0078125 0.01328125
0 0.675 0.30546875 0.01875 0.021875
0 0.3234375 0.01640625 0.03515625 0.03203125
0 0.3390625 0.0703125 0.0359375 0.03828125
0 0.36015625 0.01640625 0.021875 0.02265625
0 0.05703125 0.11796875 0.02109375 0.02578125
0 0.06484375 0.08203125 0.01328125 0.0140625
0 0.08046875 0.10078125 0.02265625 0.03828125
0 0.03125 0.140625 0.0234375 0.0265625
0 0.01484375 0.19296875 0.015625 0.01875
0 0.03359375 0.190625 0.01328125 0.015625
0 0.07421875 0.165625 0.02421875 0.03359375
0 0.05234375 0.175 0.02109375 0.03515625
0 0.20390625 0.15234375 0.0171875 0.02421875
0 0.03984375 0.09609375 0.0265625 0.03125
0 0.4921875 0.14609375 0.02109375 0.02734375
0 0.5140625 0.19765625 0.025 0.0328125
0 0.5 0.2140625 0.01796875 0.025
0 0.47890625 0.23515625 0.0234375 0.0234375
0 0.54765625 0.2171875 0.01640625 0.01953125
0 0.28125 0.27890625 0.01328125 0.01875
0 0.90078125 0.97734375 0.03828125 0.04140625
0 0.42109375 0.13828125 0.01875 0.0234375
0 0.3640625 0.2953125 0.02734375 0.0296875
0 0.36171875 0.9203125 0.0265625 0.03984375
0 0.01640625 0.41015625 0.0234375 0.025
0 0.16484375 0.65078125 0.015625 0.01796875
0 0.1484375 0.6625 0.01875 0.01875
0 0.134375 0.66484375 0.01484375 0.01953125
0 0.05625 0.60703125 0.01875 0.03125
0 0.00859375 0.72578125 0.0171875 0.0609375
0 0.19609375 0.77265625 0.0171875 0.02421875
0 0.1625 0.77578125 0.025 0.03125
0 0.25078125 0.75390625 0.0234375 0.02734375
0 0.25859375 0.73203125 0.02265625 0.02421875
0 0.20703125 0.44375 0.025 0.02109375
0 0.3203125 0.1109375 0.03671875 0.04609375
0 0.36171875 0.33046875 0.02734375 0.03515625
0 0.4 0.7109375 0.0453125 0.04375
0 0.475 0.15859375 0.015625 0.02109375
0 0.6765625 0.27734375 0.015625 0.02265625
0 0.6921875 0.3453125 0.015625 0.02109375
0 0.56953125 0.4453125 0.03203125 0.0453125
0 0.0140625 0.0421875 0.0265625 0.040625
0 0.05703125 0.14296875 0.01796875 0.01875
0 0.0765625 0.14140625 0.015625 0.01953125
0 0.21484375 0.0328125 0.0546875 0.065625
0 0.23828125 0.16640625 0.02734375 0.04296875
0 0.20078125 0.2171875 0.0140625 0.01875
0 0.196875 0.24296875 0.02109375 0.02890625
0 0.35 0.67421875 0.04609375 0.0421875
0 0.440625 0.5875 0.02578125 0.03203125
0 0.60625 0.6046875 0.0203125 0.02578125
0 0.66640625 0.759375 0.01328125 0.01875
0 0.8640625 0.50078125 0.01953125 0.025
0 0.9734375 0.0859375 0.05234375 0.0640625
0 0.9703125 0.03046875 0.0578125 0.05625
0 0.31171875 0.0484375 0.0265625 0.0328125
0 0.5421875 0.09921875 0.0203125 0.0234375
0 0.44921875 0.2671875 0.02578125 0.0328125
0 0.48046875 0.29453125 0.028125 0.0421875
0 0.33203125 0.3359375 0.0296875 0.040625
0 0.303125 0.35703125 0.01875 0.021875
0 0.17734375 0.6765625 0.0265625 0.034375
0 0.040625 0.64921875 0.034375 0.04375
0 0.11328125 0.60625 0.0265625 0.03125
0 0.10546875 0.7703125 0.0296875 0.03515625
0 0.1328125 0.778125 0.0265625 0.02890625
0 0.06953125 0.79375 0.046875 0.05390625
0 0.08046875 0.84921875 0.04921875 0.03203125
0 0.07421875 0.8828125 0.025 0.028125
0 0.07890625 0.98828125 0.0234375 0.021875
0 0.05078125 0.9796875 0.03359375 0.0390625
0 0.04296875 0.93828125 0.02265625 0.034375
0 0.07890625 0.92578125 0.0234375 0.02734375
0 0.17109375 0.92734375 0.0296875 0.04296875
0 0.19453125 0.940625 0.034375 0.03125
0 0.33125 0.978125 0.0359375 0.04296875
0 0.22890625 0.840625 0.040625 0.03359375
0 0.26015625 0.853125 0.02890625 0.03984375
0 0.115625 0.94921875 0.02265625 0.0265625
0 0.14765625 0.95625 0.0296875 0.028125
0 0.16640625 0.98046875 0.02109375 0.03515625
0 0.03359375 0.6125 0.02421875 0.028125
0 0.08828125 0.68671875 0.0265625 0.04921875
0 0.0953125 0.90703125 0.01796875 0.021875
0 0.01171875 0.62734375 0.0234375 0.0515625
0 0.2109375 0.58125 0.01875 0.0203125
0 0.23203125 0.5640625 0.0296875 0.0296875
0 0.28125 0.6265625 0.04296875 0.0578125
0 0.3140625 0.565625 0.06953125 0.08046875
0 0.2609375 0.58203125 0.028125 0.03359375
0 0.2515625 0.625 0.01875 0.02109375
0 0.25546875 0.65078125 0.01796875 0.0234375
0 0.3203125 0.39765625 0.03125 0.04375
0 0.3203125 0.440625 0.03046875 0.03828125
0 0.2859375 0.3921875 0.03046875 0.0359375
0 0.30703125 0.74609375 0.0765625 0.10546875
0 0.4609375 0.62578125 0.0359375 0.0359375
0 0.51171875 0.7484375 0.03125 0.04375
0 0.59296875 0.9453125 0.0640625 0.0796875
0 0.59296875 0.09765625 0.040625 0.0578125
0 0.36953125 0.41953125 0.046875 0.06796875
0 0.0171875 0.88359375 0.034375 0.0828125
0 0.20078125 0.34921875 0.065625 0.05859375
0 0.5234375 0.8515625 0.06875 0.09609375
0 0.0796875 0.95546875 0.04609375 0.04453125
0 0.10703125 0.565625 0.0359375 0.05390625
0 0.06171875 0.55703125 0.05234375 0.0625
0 0.44453125 0.6640625 0.0453125 0.05625
0 0.484375 0.91328125 0.0640625 0.05625
0 0.46171875 0.171875 0.0203125 0.02421875
0 0.29921875 0.32890625 0.0296875 0.028125
0 0.01953125 0.55078125 0.0390625 0.0859375
0 0.428125 0.41796875 0.03203125 0.05234375
0 0.46015625 0.7484375 0.053125 0.06875
0 0.32890625 0.92734375 0.04375 0.04765625
0 0.171875 0.7296875 0.034375 0.0609375
0 0.2203125 0.73125 0.04921875 0.0609375
0 0.39609375 0.9703125 0.07109375 0.05703125
0 0.30234375 0.859375 0.0625 0.06328125
0 0.4 0.246875 0.021875 0.04296875
0 0.4234375 0.56875 0.0203125 0.03125
0 0.08203125 0.25 0.0359375 0.05390625
0 0.1 0.3125 0.0515625 0.06015625
0 0.1265625 0.3828125 0.04375 0.065625
0 0.21484375 0.39296875 0.04921875 0.0390625
0 0.21015625 0.4765625 0.0390625 0.0453125
0 0.16796875 0.46640625 0.04765625 0.04296875
0 0.3921875 0.18359375 0.0625 0.06015625
0 0.65546875 0.0328125 0.02109375 0.03359375
0 0.1203125 0.8828125 0.046875 0.04296875
0 0.12890625 0.91953125 0.0234375 0.0390625
0 0.93515625 0.58671875 0.040625 0.0625
0 0.97421875 0.6296875 0.04921875 0.06328125
0 0.18671875 0.5390625 0.05546875 0.0609375
0 0.10703125 0.02890625 0.0875 0.0578125
0 0.25234375 0.10625 0.06015625 0.07578125
0 0.21484375 0.20703125 0.021875 0.03125
0 0.5140625 0.66484375 0.05859375 0.05859375
0 0.02421875 0.48203125 0.034375 0.04375
0 0.05234375 0.396875 0.04375 0.0484375
0 0.01328125 0.27578125 0.0265625 0.0421875
0 0.56484375 0.39140625 0.0296875 0.04140625
0 0.34921875 0.20078125 0.03125 0.05859375
0 0.31640625 0.27734375 0.0203125 0.03203125
0 0.28515625 0.44453125 0.0296875 0.0328125
0 0.3125 0.47890625 0.0296875 0.0421875
0 0.36875 0.5484375 0.05859375 0.05859375
0 0.9109375 0.6203125 0.03828125 0.046875
0 0.6421875 0.3515625 0.0234375 0.03359375
0 0.4796875 0.20625 0.02421875 0.03359375
0 0.45390625 0.3140625 0.0421875 0.04453125
0 0.60546875 0.01953125 0.0453125 0.0390625
0 0.2234375 0.6140625 0.03046875 0.0390625
0 0.10859375 0.43671875 0.0625 0.09296875
0 0.0390625 0.36015625 0.0296875 0.034375
0 0.0265625 0.16796875 0.01953125 0.03046875
0 0.04140625 0.05390625 0.04140625 0.05546875
0 0.54375 0.0265625 0.04140625 0.05234375
0 0.71015625 0.025 0.040625 0.04609375
0 0.06171875 0.45 0.04921875 0.05078125
0 0.42109375 0.31640625 0.040625 0.04921875
0 0.5515625 0.58359375 0.040625 0.04296875
0 0.25625 0.49921875 0.0734375 0.09921875
0 0.290625 0.67734375 0.07890625 0.04609375
0 0.415625 0.5 0.05 0.06015625
0 0.490625 0.57421875 0.06640625 0.07265625
0 0.54921875 0.5078125 0.0765625 0.115625
0 0.6484375 0.07734375 0.0234375 0.03046875
0 0.45703125 0.04375 0.04296875 0.04921875
0 0.4453125 0.1890625 0.01875 0.0265625
0 0.46171875 0.40234375 0.03984375 0.04609375
0 0.13828125 0.303125 0.02109375 0.0265625
0 0.19453125 0.61328125 0.0328125 0.04765625
0 0.221875 0.67109375 0.04765625 0.05390625
0 0.5875 0.25 0.028125 0.0328125
0 0.646875 0.29140625 0.0296875 0.0421875
0 0.17109375 0.41015625 0.04375 0.046875
0 0.10234375 0.5109375 0.07265625 0.05703125
0 0.10703125 0.6515625 0.0328125 0.0296875
0 0.15390625 0.60859375 0.05234375 0.05625
0 0.19375 0.83046875 0.02734375 0.0453125
0 0.15703125 0.8203125 0.03828125 0.059375
0 0.1 0.80625 0.0328125 0.0359375
0 0.084375 0.7359375 0.04453125 0.0515625
0 0.13828125 0.73828125 0.0359375 0.04921875
0 0.1515625 0.21953125 0.021875 0.03125