0 0.55234375 0.48203125 0.0140625 0.021875
0 0.71328125 0.0171875 0.03671875 0.03359375
0 0.34140625 0.86796875 0.025 0.0296875
0 0.340625 0.984375 0.0328125 0.0296875
0 0.2515625 0.98046875 0.0296875 0.0375
0 0.05703125 0.8140625 0.0125 0.01484375
0 0.06875 0.825 0.01171875 0.0234375
0 0.0203125 0.75625 0.03359375 0.04765625
0 0.01171875 0.79140625 0.0234375 0.03359375
0 0.11953125 0.54453125 0.0171875 0.0203125
0 0.10078125 0.4171875 0.01484375 0.021875
0 0.02578125 0.1921875 0.034375 0.03671875
0 0.1 0.18828125 0.01875 0.025
0 0.11640625 0.203125 0.0359375 0.0453125
0 0.09453125 0.1484375 0.02578125 0.0328125
0 0.75390625 0.55 0.03359375 0.0328125
0 0.046875 0.05390625 0.08984375 0.0859375
0 0.37890625 0.13828125 0.02734375 0.0296875
0 0.95546875 0.02109375 0.05078125 0.0421875
0 0.63359375 0.403125 0.03984375 0.04765625
0 0.82109375 0.171875 0.0234375 0.03359375
0 0.09765625 0.109375 0.0265625 0.04375
0 0.46328125 0.68046875 0.034375 0.03359375
0 0.02734375 0.38515625 0.028125 0.0421875
0 0.0140625 0.46484375 0.02734375 0.0515625
0 0.20078125 0.63515625 0.0140625 0.0171875
0 0.0671875 0.8578125 0.015625 0.02421875
0 0.0875 0.85859375 0.009375 0.015625
0 0.103125 0.85546875 0.01484375 0.01796875
0 0.12421875 0.871875 0.01875 0.02734375
0 0.06875 0.971875 0.02421875 0.03671875
0 0.1484375 0.98125 0.040625 0.0359375
0 0.653125 0.03828125 0.021875 0.03125
0 0.65234375 0.1046875 0.0203125 0.0296875
0 0.62109375 0.19765625 0.0171875 0.0203125
0 0.628125 0.22734375 0.034375 0.03671875
0 0.66953125 0.27109375 0.03203125 0.0375
0 0.6703125 0.33125 0.0140625 0.02421875
0 0.68515625 0.321875 0.01796875 0.0234375
0 0.65625 0.33984375 0.01484375 0.021875
0 0.66015625 0.37265625 0.025 0.0359375
0 0.28359375 0.94765625 0.03359375 0.05
0 0.2671875 0.83828125 0.03046875 0.03671875
0 0.371875 0.88671875 0.01796875 0.03125
0 0.32265625 0.9609375 0.02734375 0.03203125
0 0.54453125 0.809375 0.03125 0.040625
0 0.9859375 0.97734375 0.02734375 0.04375
0 0.98671875 0.92578125 0.02421875 0.028125
0 0.9328125 0.49921875 0.02890625 0.03515625
0 0.7546875 0.60390625 0.028125 0.025
0 0.24296875 0.025 0.05 0.04921875
0 0.2875 0.0171875 0.04375 0.034375
0 0.1140625 0.30625 0.02421875 0.03671875
0 0.13828125 0.29140625 0.02421875 0.03125
0 0.22578125 0.64140625 0.02109375 0.0375
0 0.1765625 0.62109375 0.03125 0.0359375
0 0.24140625 0.59375 0.034375 0.0515625
0 0.2125 0.59140625 0.0328125 0.0515625
0 0.1921875 0.49296875 0.0265625 0.0296875
0 0.13359375 0.4109375 0.0328125 0.04453125
0 0.06328125 0.42578125 0.0296875 0.03828125
0 0.06015625 0.58203125 0.0390625 0.05390625
0 0.05078125 0.5265625 0.0390625 0.04453125
0 0.0921875 0.49140625 0.025 0.03203125
0 0.09296875 0.52265625 0.02578125 0.02734375
0 0.115625 0.515625 0.01484375 0.015625
0 0.12421875 0.4890625 0.02578125 0.03203125
0 0.15390625 0.4828125 0.0375 0.03203125
0 0.1390625 0.53125 0.0296875 0.0421875
0 0.1140625 0.56484375 0.025 0.02890625
0 0.15234375 0.65703125 0.0296875 0.03828125
0 0.18515625 0.68515625 0.0203125 0.02578125
0 0.1953125 0.6578125 0.01875 0.0203125
0 0.2265625 0.671875 0.02109375 0.02578125
0 0.20546875 0.678125 0.015625 0.025
0 0.09296875 0.70703125 0.03125 0.04453125
0 0.11171875 0.671875 0.0234375 0.03125
0 0.12265625 0.70703125 0.02890625 0.0359375
0 0.053125 0.76015625 0.0203125 0.02734375
0 0.0421875 0.7953125 0.02421875 0.02734375
0 0.05078125 0.91171875 0.02734375 0.03828125
0 0.2359375 0.834375 0.02734375 0.0359375
0 0.2359375 0.8984375 0.03125 0.0484375
0 0.21875 0.925 0.0203125 0.028125
0 0.2046875 0.94921875 0.028125 0.04140625
0 0.18125 0.9640625 0.0171875 0.021875
0 0.10625 0.81796875 0.03671875 0.0546875
0 0.071875 0.7890625 0.0203125 0.0375
0 0.03828125 0.8375 0.0375 0.04453125
0 0.3359375 0.8328125 0.040625 0.05625
0 0.359375 0.93828125 0.04921875 0.0625
0 0.39296875 0.97734375 0.034375 0.03359375
0 0.66328125 0.30859375 0.0265625 0.03671875
0 0.71875 0.40078125 0.040625 0.06875
0 0.74765625 0.3265625 0.040625 0.06015625
0 0.7921875 0.171875 0.040625 0.04375
0 0.784375 0.23984375 0.05390625 0.0734375
0 0.65390625 0.07265625 0.02578125 0.03984375
0 0.29453125 0.05546875 0.0328125 0.04921875
0 0.2609375 0.07578125 0.03203125 0.03984375
0 0.25 0.109375 0.02890625 0.0328125
0 0.43125 0.30390625 0.03046875 0.04140625
0 0.4046875 0.35390625 0.034375 0.04609375
0 0.5640625 0.58203125 0.02890625 0.0328125
0 0.5125 0.6046875 0.0171875 0.02421875
0 0.5359375 0.58828125 0.02734375 0.04140625
0 0.59140625 0.98515625 0.02265625 0.02734375
0 0.63203125 0.98828125 0.0375 0.021875
0 0.9703125 0.66796875 0.02578125 0.040625
0 0.91875 0.83203125 0.02578125 0.05234375
0 0.959375 0.80625 0.065625 0.08203125
0 0.9796875 0.88203125 0.02578125 0.04765625
0 0.95234375 0.88203125 0.025 0.040625
0 0.90078125 0.96328125 0.03671875 0.0578125
0 0.94296875 0.96328125 0.0421875 0.065625
0 0.14609375 0.58359375 0.0296875 0.03125
0 0.0921875 0.6265625 0.04765625 0.06484375
0 0.06015625 0.70234375 0.03359375 0.040625
0 0.0890625 0.75234375 0.03515625 0.040625
0 0.21015625 0.5296875 0.03359375 0.04375
0 0.42578125 0.43515625 0.04921875 0.05703125
0 0.36171875 0.39296875 0.0609375 0.08203125
0 0.42265625 0.2453125 0.0625 0.0953125
0 0.81875 0.01171875 0.028125 0.0234375
0 0.87265625 0.01484375 0.0234375 0.02890625
0 0.71953125 0.06484375 0.02421875 0.03359375
0 0.7265625 0.10546875 0.0328125 0.02734375
0 0.690625 0.096875 0.03359375 0.03515625
0 0.45390625 0.40703125 0.03125 0.04140625
0 0.4234375 0.38984375 0.028125 0.0359375
0 0.37265625 0.2 0.0203125 0.03515625
0 0.46640625 0.07890625 0.02734375 0.0359375
0 0.4765625 0.11171875 0.0109375 0.0125
0 0.503125 0.11171875 0.02578125 0.02421875
0 0.58359375 0.21171875 0.0328125 0.0453125
0 0.76015625 0.28359375 0.02890625 0.02578125
0 0.62578125 0.4578125 0.04765625 0.0515625
0 0.6140625 0.50078125 0.02109375 0.028125
0 0.63828125 0.5125 0.03671875 0.05859375
0 0.6734375 0.4640625 0.03203125 0.0515625
0 0.5859375 0.4546875 0.02265625 0.03515625
0 0.571875 0.384375 0.01796875 0.021875
0 0.5515625 0.43359375 0.0515625 0.078125
0 0.4765625 0.484375 0.01796875 0.0234375
0 0.46484375 0.4484375 0.015625 0.025
0 0.4125 0.5640625 0.02578125 0.03359375
0 0.384375 0.5640625 0.021875 0.03203125
0 0.40234375 0.6171875 0.0359375 0.04609375
0 0.48515625 0.6375 0.01875 0.01328125
0 0.50390625 0.6375 0.0296875 0.03125
0 0.5359375 0.6265625 0.0234375 0.0296875
0 0.57578125 0.70546875 0.03984375 0.06015625
0 0.53671875 0.73203125 0.02890625 0.02890625
0 0.5109375 0.721875 0.01484375 0.01953125
0 0.5359375 0.69921875 0.03828125 0.04609375
0 0.58984375 0.7578125 0.01875 0.025
0 0.5359375 0.76640625 0.028125 0.0296875
0 0.57265625 0.76875 0.02265625 0.02890625
0 0.6375 0.7671875 0.02265625 0.02734375
0 0.675 0.98828125 0.02265625 0.02109375
0 0.64921875 0.9703125 0.0140625 0.0171875
0 0.70546875 0.98359375 0.028125 0.03125
0 0.73203125 0.98125 0.015625 0.02421875
0 0.67109375 0.96328125 0.025 0.0234375
0 0.65625 0.64140625 0.01953125 0.021875
0 0.84453125 0.76484375 0.01171875 0.0171875
0 0.83984375 0.73984375 0.028125 0.02890625
0 0.88515625 0.74375 0.0375 0.04140625
0 0.88671875 0.7859375 0.0375 0.04375
0 0.88125 0.8484375 0.03984375 0.053125
0 0.84140625 0.85234375 0.03359375 0.02734375
0 0.82578125 0.88828125 0.04375 0.03828125
0 0.79609375 0.928125 0.0453125 0.053125
0 0.98671875 0.66015625 0.015625 0.02734375
0 0.97578125 0.715625 0.04609375 0.06171875
0 0.9640625 0.46015625 0.025 0.03671875
0 0.9640625 0.33984375 0.02109375 0.02421875
0 0.9875 0.25234375 0.02421875 0.040625
0 0.9890625 0.32109375 0.0203125 0.03203125
0 0.9875 0.05859375 0.0234375 0.03671875
0 0.98203125 0.0984375 0.03359375 0.04375
0 0.934375 0.10703125 0.03125 0.0359375
0 0.896875 0.13515625 0.03359375 0.03515625
0 0.8953125 0.17421875 0.03203125 0.03984375
0 0.86640625 0.10078125 0.01796875 0.0296875
0 0.865625 0.06640625 0.03515625 0.03671875
0 0.784375 0.02109375 0.021875 0.0328125
0 0.7625 0.02890625 0.0171875 0.02890625
0 0.78046875 0.05234375 0.015625 0.015625
0 0.76953125 0.0734375 0.021875 0.02109375
0 0.9859375 0.53984375 0.01328125 0.0234375
0 0.3296875 0.0484375 0.01953125 0.021875
0 0.32734375 0.07421875 0.0171875 0.0203125
0 0.3296875 0.02109375 0.02109375 0.02109375
0 0.371875 0.10234375 0.0359375 0.04453125
0 0.43046875 0.059375 0.0328125 0.04765625
0 0.421875 0.10859375 0.02734375 0.02734375
0 0.44765625 0.09375 0.0234375 0.02890625
0 0.44609375 0.121875 0.01484375 0.01953125
0 0.4734375 0.1640625 0.02109375 0.0296875
0 0.4984375 0.14140625 0.01953125 0.0296875
0 0.51796875 0.1375 0.0203125 0.03359375
0 0.50078125 0.0828125 0.02265625 0.03359375
0 0.4796875 0.03359375 0.0296875 0.0453125
0 0.525 0.03359375 0.0421875 0.0515625
0 0.55625 0.06796875 0.0328125 0.0375
0 0.5328125 0.09296875 0.02890625 0.03203125
0 0.54921875 0.14296875 0.0296875 0.03671875
0 0.58359375 0.528125 0.0515625 0.06796875
0 0.61875 0.71015625 0.021875 0.02890625
0 0.65234375 0.92578125 0.04609375 0.06171875
0 0.7125 0.9046875 0.053125 0.0625
0 0.07734375 0.20859375 0.05 0.05390625
0 0.0859375 0.384375 0.01796875 0.02734375
0 0.16328125 0.42890625 0.0234375 0.03515625
0 0.115625 0.7484375 0.0171875 0.02578125
0 0.15 0.7109375 0.02578125 0.0375
0 0.2796875 0.8984375 0.0265625 0.0328125
0 0.4859375 0.83984375 0.0296875 0.05
0 0.55703125 0.85234375 0.04140625 0.04765625
0 0.65625 0.8421875 0.053125 0.06171875
0 0.14453125 0.7484375 0.03671875 0.04140625
0 0.77890625 0.109375 0.0296875 0.03515625
0 0.58125 0.04453125 0.03515625 0.04609375
0 0.621875 0.05 0.03359375 0.04609375
0 0.39453125 0.17421875 0.03203125 0.03828125
0 0.4375 0.1640625 0.04375 0.053125
0 0.40390625 0.53203125 0.0234375 0.0296875
0 0.6734375 0.5296875 0.03125 0.03828125
0 0.809375 0.50546875 0.03359375 0.05703125
0 0.9234375 0.6953125 0.02890625 0.03828125
0 0.93671875 0.66015625 0.0296875 0.03359375
0 0.83125 0.796875 0.03984375 0.04453125
0 0.253125 0.64609375 0.0265625 0.0328125
0 0.2453125 0.7828125 0.0390625 0.0359375
0 0.321875 0.78203125 0.04375 0.04375
0 0.4859375 0.74453125 0.03515625 0.04140625
0 0.453125 0.64140625 0.03984375 0.0453125
0 0.05859375 0.38046875 0.03671875 0.040625
0 0.02890625 0.2453125 0.0296875 0.0421875
0 0.04296875 0.11953125 0.03359375 0.04375
0 0.50546875 0.1796875 0.025 0.02890625
0 0.5359375 0.17109375 0.02734375 0.0328125
0 0.5890625 0.165625 0.0375 0.053125
0 0.840625 0.1203125 0.03515625 0.0453125
0 0.9546875 0.14765625 0.0296875 0.0421875
0 0.890625 0.26875 0.03203125 0.040625
0 0.940625 0.628125 0.0421875 0.0546875
0 0.6140625 0.6171875 0.04609375 0.05390625
0 0.246875 0.675 0.0203125 0.0234375
0 0.2453125 0.73984375 0.0328125 0.0375
0 0.4796875 0.79296875 0.03203125 0.0515625
0 0.18671875 0.45546875 0.0296875 0.0375
0 0.134375 0.79140625 0.03203125 0.03984375
0 0.6984375 0.5984375 0.0390625 0.0453125
0 0.59296875 0.9171875 0.07109375 0.0984375
0 0.5484375 0.2140625 0.02421875 0.0375
0 0.80390625 0.56640625 0.04921875 0.0578125
0 0.37265625 0.23515625 0.02265625 0.03203125
0 0.3015625 0.12265625 0.03203125 0.03671875
0 0.83203125 0.66640625 0.04921875 0.0609375
0 0.7625 0.48359375 0.02890625 0.0375
0 0.61875 0.1640625 0.02890625 0.03828125
0 0.47265625 0.1328125 0.02578125 0.0296875
0 0.3734375 0.04453125 0.04765625 0.06953125
0 0.3140625 0.89609375 0.03828125 0.04140625
0 0.6578125 0.60078125 0.04375 0.0578125
0 0.71015625 0.5234375 0.0328125 0.0421875
0 0.70390625 0.46796875 0.02578125 0.03828125
0 0.41875 0.4796875 0.015625 0.0296875
0 0.44765625 0.48046875 0.03515625 0.03359375
0 0.5359375 0.5234375 0.04609375 0.0609375
0 0.5109375 0.22109375 0.040625 0.04609375
0 0.5609375 0.103125 0.02578125 0.02890625
0 0.5859375 0.09921875 0.03046875 0.04453125
0 0.62265625 0.10234375 0.03515625 0.0484375
0 0.9546875 0.396875 0.05703125 0.06875
0 0.98125 0.43203125 0.02890625 0.04921875
0 0.93046875 0.459375 0.03984375 0.0515625
0 0.33046875 0.29609375 0.0609375 0.07421875
0 0.090625 0.2734375 0.02265625 0.0421875
0 0.46875 0.209375 0.03828125 0.04921875
0 0.503125 0.39453125 0.059375 0.0703125
0 0.240625 0.21953125 0.03671875 0.040625
0 0.25390625 0.2625 0.05 0.04921875
0 0.321875 0.484375 0.01953125 0.028125
0 0.88125 0.384375 0.03359375 0.0515625
0 0.7671875 0.521875 0.034375 0.0453125
0 0.6703125 0.66875 0.03046875 0.0359375
0 0.76015625 0.7375 0.04453125 0.0546875
0 0.73125 0.7640625 0.03203125 0.0453125
0 0.68125 0.175 0.07421875 0.09140625
0 0.434375 0.5234375 0.03515625 0.04765625
0 0.28125 0.34296875 0.053125 0.065625
0 0.2734375 0.17421875 0.04765625 0.0609375
0 0.32578125 0.1765625 0.0421875 0.0578125
0 0.5515625 0.27421875 0.046875 0.05
0 0.54921875 0.33359375 0.05546875 0.06640625
0 0.61328125 0.31796875 0.0671875 0.09140625