0 0.5984375 0.05703125 0.01328125 0.01171875
0 0.98515625 0.54453125 0.02890625 0.04140625
0 0.8375 0.62109375 0.0140625 0.0203125
0 0.9015625 0.7625 0.01796875 0.0203125
0 0.9265625 0.8828125 0.01484375 0.01875
0 0.98125 0.99609375 0.0125 0.0078125
0 0.99453125 0.93515625 0.009375 0.0296875
0 0.98046875 0.87265625 0.009375 0.00859375
0 0.9703125 0.765625 0.0109375 0.01171875
0 0.98515625 0.77109375 0.01640625 0.021875
0 0.9921875 0.66953125 0.0140625 0.01875
0 0.971875 0.6546875 0.01640625 0.01484375
0 0.96015625 0.66640625 0.0140625 0.02109375
0 0.8296875 0.51328125 0.0125 0.0109375
0 0.81328125 0.465625 0.01953125 0.01640625
0 0.82890625 0.41484375 0.01015625 0.009375
0 0.828125 0.00546875 0.01484375 0.0109375
0 0.853125 0.0125 0.021875 0.01328125
0 0.8734375 0.00859375 0.0109375 0.01015625
0 0.99375 0.0859375 0.00859375 0.015625
0 0.99375 0.07421875 0.01171875 0.01328125
0 0.9921875 0.11171875 0.0140625 0.01796875
0 0.98984375 0.1578125 0.01953125 0.02890625
0 0.99140625 0.18671875 0.01640625 0.02109375
0 0.99375 0.20703125 0.01171875 0.01640625
0 0.99296875 0.22421875 0.0140625 0.01640625
0 0.98359375 0.27578125 0.03125 0.0390625
0 0.99296875 0.31328125 0.0140625 0.034375
0 0.9921875 0.33671875 0.015625 0.0203125
0 0.9703125 0.39296875 0.0140625 0.0125
0 0.76484375 0.275 0.0109375 0.00703125
0 0.7546875 0.27734375 0.00859375 0.0078125
0 0.74609375 0.27734375 0.00859375 0.00625
0 0.74375 0.29453125 0.01484375 0.01640625
0 0.7515625 0.31484375 0.0171875 0.0140625
0 0.79296875 0.32109375 0.0296875 0.02109375
0 0.78671875 0.34609375 0.015625 0.0171875
0 0.81875 0.3265625 0.01015625 0.0125
0 0.84375 0.30625 0.01640625 0.0109375
0 0.87734375 0.3015625 0.01640625 0.01484375
0 0.78046875 0.22265625 0.01328125 0.0140625
0 0.7546875 0.14140625 0.0109375 0.01015625
0 0.52421875 0.2234375 0.00859375 0.0078125
0 0.5203125 0.23359375 0.0125 0.0125
0 0.51953125 0.24453125 0.00546875 0.00546875
0 0.86015625 0.303125 0.01796875 0.01640625
0 0.81171875 0.3109375 0.0125 0.0109375
0 0.83125 0.303125 0.00703125 0.01015625
0 0.8234375 0.31015625 0.01171875 0.01171875
0 0.96875 0.26171875 0.0109375 0.01171875
0 0.97734375 0.24375 0.02265625 0.025
0 0.946875 0.0234375 0.01171875 0.0140625
0 0.7359375 0.2234375 0.009375 0.01171875
0 0.740625 0.2015625 0.00859375 0.009375
0 0.73125 0.209375 0.01328125 0.0140625
0 0.8046875 0.134375 0.01953125 0.01640625
0 0.9671875 0.796875 0.01484375 0.021875
0 0.971875 0.7765625 0.00859375 0.009375
0 0.95546875 0.7765625 0.0140625 0.01328125
0 0.95078125 0.790625 0.0171875 0.01640625
0 0.99453125 0.68359375 0.01015625 0.01640625
0 0.9171875 0.559375 0.0078125 0.01015625
0 0.859375 0.57265625 0.00703125 0.009375
0 0.8453125 0.60390625 0.0046875 0.00546875
0 0.86953125 0.53671875 0.01171875 0.009375
0 0.97109375 0.50625 0.0078125 0.00703125
0 0.96015625 0.5015625 0.01171875 0.0125
0 0.89140625 0.51875 0.00703125 0.0078125
0 0.6359375 0.31015625 0.01015625 0.0125
0 0.6015625 0.16484375 0.0109375 0.0140625
0 0.6046875 0.178125 0.00859375 0.01015625
0 0.72890625 0.1234375 0.009375 0.0125
0 0.775 0.003125 0.00625 0.00625
0 0.77734375 0.0109375 0.00625 0.00703125
0 0.8890625 0.0296875 0.01015625 0.01015625
0 0.89921875 0.10234375 0.0078125 0.0078125
0 0.9015625 0.090625 0.0109375 0.01328125
0 0.9015625 0.07734375 0.009375 0.01171875
0 0.88125 0.1234375 0.01015625 0.01328125
0 0.87265625 0.12734375 0.00625 0.0078125
0 0.871875 0.11640625 0.00859375 0.01015625
0 0.875 0.13359375 0.00859375 0.00703125
0 0.88203125 0.15390625 0.009375 0.01015625
0 0.890625 0.15703125 0.009375 0.009375
0 0.98671875 0.2 0.00859375 0.0109375
0 0.975 0.21796875 0.0203125 0.025
0 0.99140625 0.51484375 0.0125 0.0125
0 0.96015625 0.55703125 0.0140625 0.01640625
0 0.95546875 0.59921875 0.01484375 0.01328125
0 0.94375 0.5765625 0.01015625 0.0109375
0 0.95625 0.5734375 0.01328125 0.01328125
0 0.95703125 0.5859375 0.0140625 0.01328125
0 0.940625 0.590625 0.0140625 0.01640625
0 0.9421875 0.61015625 0.01015625 0.0140625
0 0.94140625 0.4 0.01484375 0.015625
0 0.959375 0.35078125 0.00625 0.00859375
0 0.9671875 0.36015625 0.0125 0.0140625
0 0.95546875 0.390625 0.01171875 0.01171875
0 0.9921875 0.39453125 0.01328125 0.0171875
0 0.9484375 0.3625 0.0109375 0.0109375
0 0.6171875 0.2609375 0.01328125 0.01328125
0 0.66796875 0.36796875 0.015625 0.015625
0 0.7296875 0.35390625 0.01796875 0.02109375
0 0.71171875 0.30078125 0.00859375 0.00859375
0 0.71015625 0.33671875 0.01015625 0.01171875
0 0.72421875 0.3375 0.01015625 0.0109375
0 0.7265625 0.3171875 0.02578125 0.02890625
0 0.83046875 0.01953125 0.0109375 0.01171875
0 0.88671875 0.00546875 0.0140625 0.0109375
0 0.88359375 0.01875 0.0140625 0.01171875
0 0.86328125 0.04375 0.0109375 0.01171875
0 0.9875 0.05234375 0.02421875 0.0234375
0 0.98515625 0.1328125 0.02265625 0.02265625
0 0.971875 0.1484375 0.01015625 0.009375
0 0.90234375 0.140625 0.01015625 0.01328125
0 0.91484375 0.13984375 0.0109375 0.015625
0 0.765625 0.1375 0.0109375 0.01015625
0 0.65703125 0.18203125 0.0125 0.01484375
0 0.671875 0.175 0.021875 0.0265625
0 0.80078125 0.43828125 0.0109375 0.01171875
0 0.9640625 0.5234375 0.01796875 0.02578125
0 0.9296875 0.53046875 0.0125 0.0109375
0 0.9140625 0.534375 0.00625 0.01015625
0 0.903125 0.540625 0.01875 0.02265625
0 0.91875 0.54765625 0.0109375 0.01171875
0 0.90390625 0.5609375 0.01796875 0.0171875
0 0.9421875 0.559375 0.0234375 0.0234375
0 0.9671875 0.74296875 0.0140625 0.02109375
0 0.9828125 0.7296875 0.01875 0.0296875
0 0.85703125 0.5984375 0.00703125 0.00859375
0 0.92265625 0.01171875 0.01875 0.01875
0 0.80390625 0.0109375 0.0296875 0.021875
0 0.6953125 0.0734375 0.01015625 0.01015625
0 0.7828125 0.125 0.01953125 0.01953125
0 0.7703125 0.36875 0.01484375 0.0140625
0 0.7765625 0.3921875 0.0296875 0.03046875
0 0.75859375 0.3421875 0.0359375 0.03515625
0 0.98671875 0.484375 0.01875 0.028125
0 0.884375 0.5359375 0.01640625 0.01171875
0 0.85546875 0.54140625 0.01796875 0.0203125
0 0.94375 0.25859375 0.04140625 0.0453125
0 0.6953125 0.0890625 0.01484375 0.02109375
0 0.5390625 0.26171875 0.0171875 0.01796875
0 0.74140625 0.37265625 0.021875 0.01796875
0 0.74140625 0.39765625 0.025 0.02734375
0 0.715625 0.396875 0.02265625 0.021875
0 0.775 0.20078125 0.02734375 0.02734375
0 0.5265625 0.2109375 0.0140625 0.015625
0 0.959375 0.4890625 0.0109375 0.0140625
0 0.884375 0.49609375 0.01953125 0.021875
0 0.87890625 0.52109375 0.01875 0.021875
0 0.6859375 0.12109375 0.0125 0.01328125
0 0.89375 0.13125 0.01171875 0.01328125
0 0.9328125 0.13828125 0.01953125 0.021875
0 0.79609375 0.35546875 0.01484375 0.01796875
0 0.63125 0.11875 0.02109375 0.0171875
0 0.58828125 0.08046875 0.015625 0.02109375
0 0.6515625 0.38359375 0.01640625 0.01875
0 0.671875 0.38515625 0.01953125 0.021875
0 0.80703125 0.48125 0.01328125 0.01328125
0 0.83515625 0.46953125 0.0109375 0.01328125
0 0.8578125 0.46953125 0.0296875 0.02890625
0 0.8359375 0.2796875 0.028125 0.0390625
0 0.765625 0.228125 0.0125 0.01640625
0 0.75 0.2171875 0.01953125 0.021875
0 0.98125 0.5875 0.03359375 0.04296875
0 0.93828125 0.4453125 0.021875 0.0171875
0 0.69296875 0.38984375 0.021875 0.0234375
0 0.60859375 0.12421875 0.021875 0.021875
0 0.66796875 0.11015625 0.0140625 0.01484375
0 0.91640625 0.09140625 0.01796875 0.02109375
0 0.53671875 0.22421875 0.01328125 0.01328125
0 0.56796875 0.159375 0.05703125 0.04296875
0 0.64609375 0.09921875 0.01875 0.0203125
0 0.66875 0.12421875 0.01328125 0.0125
0 0.6984375 0.2203125 0.02109375 0.01953125
0 0.721875 0.2671875 0.03125 0.03828125
0 0.5109375 0.25078125 0.01171875 0.0109375
0 0.5171875 0.26953125 0.02734375 0.028125
0 0.61796875 0.3078125 0.0234375 0.03515625
0 0.6734375 0.34609375 0.0234375 0.025
0 0.92734375 0.5109375 0.01875 0.0203125
0 0.92890625 0.6296875 0.009375 0.0125
0 0.92109375 0.634375 0.01015625 0.01015625
0 0.91953125 0.64609375 0.01171875 0.0109375
0 0.865625 0.6421875 0.01015625 0.0140625
0 0.93125 0.5421875 0.0125 0.0140625
0 0.94609375 0.5359375 0.01640625 0.0203125
0 0.9359375 0.36640625 0.0140625 0.01484375
0 0.9328125 0.0984375 0.00859375 0.00703125
0 0.9234375 0.03125 0.01640625 0.01953125
0 0.721875 0.13515625 0.0078125 0.00859375
0 0.74453125 0.0296875 0.0109375 0.01015625
0 0.8875 0.040625 0.0125 0.015625
0 0.8859375 0.0546875 0.01328125 0.01328125
0 0.9171875 0.0734375 0.01328125 0.0171875
0 0.93046875 0.1078125 0.01015625 0.0109375
0 0.696875 0.13125 0.009375 0.009375
0 0.59296875 0.1375 0.01875 0.02109375
0 0.490625 0.22734375 0.01015625 0.01171875
0 0.4671875 0.2578125 0.01484375 0.01640625
0 0.93671875 0.640625 0.01171875 0.0125
0 0.9421875 0.62734375 0.015625 0.01875
0 0.94453125 0.4671875 0.0171875 0.02421875
0 0.9859375 0.796875 0.021875 0.0234375
0 0.98828125 0.8515625 0.009375 0.01015625
0 0.97734375 0.85390625 0.01171875 0.0171875
0 0.94765625 0.88359375 0.01796875 0.01875
0 0.99296875 0.98515625 0.0125 0.01484375
0 0.93984375 0.940625 0.02109375 0.02578125
0 0.953125 0.96328125 0.01953125 0.021875
0 0.975 0.9859375 0.015625 0.0140625
0 0.97265625 0.9734375 0.0140625 0.0125
0 0.9875 0.90625 0.01640625 0.01640625
0 0.9109375 0.65546875 0.0125 0.01328125
0 0.8140625 0.3453125 0.0234375 0.028125
0 0.83671875 0.35546875 0.0171875 0.01953125
0 0.92265625 0.57734375 0.01953125 0.0171875
0 0.96796875 0.6265625 0.034375 0.0390625
0 0.746875 0.26015625 0.01796875 0.02109375
0 0.7625 0.25625 0.0078125 0.00703125
0 0.76953125 0.253125 0.00703125 0.00859375
0 0.76484375 0.26484375 0.01171875 0.0109375
0 0.703125 0.28203125 0.009375 0.01328125
0 0.690625 0.29453125 0.021875 0.01875
0 0.78046875 0.46015625 0.01796875 0.01640625
0 0.6109375 0.44453125 0.00703125 0.0046875
0 0.609375 0.453125 0.00859375 0.0109375
0 0.54375 0.3921875 0.01484375 0.015625
0 0.48359375 0.24765625 0.02265625 0.028125
0 0.49140625 0.215625 0.0078125 0.0078125
0 0.48359375 0.20234375 0.015625 0.0203125
0 0.4796875 0.221875 0.01328125 0.0140625
0 0.6875 0.16328125 0.01484375 0.01640625
0 0.59375 0.20390625 0.0078125 0.0078125
0 0.60234375 0.2015625 0.009375 0.01015625
0 0.63515625 0.22890625 0.00703125 0.0109375
0 0.6515625 0.209375 0.01171875 0.01015625
0 0.66953125 0.2265625 0.0234375 0.03046875
0 0.76328125 0.2421875 0.009375 0.01171875
0 0.77265625 0.3078125 0.01875 0.01875
0 0.95390625 0.228125 0.01875 0.01875
0 0.95859375 0.059375 0.009375 0.01015625
0 0.903125 0.01328125 0.0171875 0.01640625
0 0.9765625 0.07578125 0.01640625 0.0234375
0 0.8984375 0.1203125 0.01171875 0.01328125
0 0.94140625 0.1 0.00703125 0.00859375
0 0.91484375 0.11015625 0.01484375 0.01640625
0 0.6515625 0.321875 0.0109375 0.01640625
0 0.64140625 0.3296875 0.01171875 0.0140625
0 0.7703125 0.15703125 0.0109375 0.0109375
0 0.7421875 0.1765625 0.0359375 0.04140625
0 0.78515625 0.14765625 0.02109375 0.0203125
0 0.82109375 0.17890625 0.0140625 0.0140625
0 0.81484375 0.16328125 0.01328125 0.01484375
0 0.803125 0.153125 0.01015625 0.01015625
0 0.83828125 0.096875 0.0109375 0.0078125
0 0.83828125 0.0765625 0.03359375 0.02890625
0 0.809375 0.08359375 0.01484375 0.01640625
0 0.7859375 0.0921875 0.03203125 0.0421875
0 0.765625 0.1015625 0.009375 0.01328125
0 0.7625 0.04375 0.0171875 0.01875
0 0.74921875 0.046875 0.01328125 0.0203125
0 0.76328125 0.0078125 0.015625 0.015625
0 0.759375 0.025 0.01953125 0.01640625
0 0.84453125 0.0359375 0.02734375 0.03046875
0 0.80859375 0.109375 0.028125 0.0328125
0 0.803125 0.196875 0.009375 0.01015625
0 0.81328125 0.20859375 0.01328125 0.01328125
0 0.9703125 0.303125 0.02265625 0.02109375
0 0.959375 0.14375 0.01171875 0.0125
0 0.91171875 0.17109375 0.0375 0.04765625
0 0.953125 0.18125 0.04453125 0.0546875
0 0.65 0.07265625 0.00859375 0.0078125
0 0.58828125 0.26328125 0.0421875 0.04140625
0 0.671875 0.2578125 0.01015625 0.01328125
0 0.67890625 0.2609375 0.00703125 0.0078125
0 0.68671875 0.25703125 0.0109375 0.01640625
0 0.70078125 0.26015625 0.01328125 0.0171875
0 0.809375 0.2890625 0.0109375 0.0125
0 0.79296875 0.2984375 0.0109375 0.01328125
0 0.81015625 0.3 0.0109375 0.01171875
0 0.825 0.2609375 0.0109375 0.01171875
0 0.99140625 0.43828125 0.015625 0.021875
0 0.97109375 0.44765625 0.015625 0.01875
0 0.9640625 0.465625 0.01875 0.0171875
0 0.9171875 0.49296875 0.01171875 0.01484375
0 0.90546875 0.5015625 0.0203125 0.01796875
0 0.9078125 0.51953125 0.01875 0.01875
0 0.8734375 0.56875 0.01796875 0.01796875
0 0.8859375 0.58984375 0.01015625 0.0125
0 0.86875 0.625 0.0125 0.015625
0 0.94921875 0.73359375 0.0078125 0.01015625
0 0.9546875 0.72890625 0.00703125 0.0078125
0 0.94921875 0.71875 0.01171875 0.0125
0 0.95859375 0.69921875 0.015625 0.0140625
0 0.97890625 0.69921875 0.021875 0.03203125
0 0.98515625 0.75078125 0.01796875 0.0140625
0 0.96484375 0.875 0.0125 0.01171875
0 0.9359375 0.86875 0.00703125 0.00703125
0 0.94140625 0.86953125 0.00625 0.00703125
0 0.98671875 0.96640625 0.009375 0.01171875
0 0.98125 0.91484375 0.01015625 0.0109375
0 0.98515625 0.925 0.0109375 0.01171875
0 0.98359375 0.9359375 0.0109375 0.01015625
0 0.959375 0.92421875 0.034375 0.03359375
0 0.98046875 0.95546875 0.00859375 0.0140625
0 0.9671875 0.828125 0.01171875 0.0109375
0 0.95546875 0.8296875 0.0109375 0.0125
0 0.9359375 0.834375 0.02578125 0.0234375
0 0.9390625 0.85546875 0.0171875 0.01875
0 0.95859375 0.76171875 0.0125 0.01328125
0 0.84375 0.53515625 0.0078125 0.00859375
0 0.86015625 0.2859375 0.01875 0.01796875
0 0.83203125 0.24765625 0.0078125 0.009375
0 0.75390625 0.075 0.0078125 0.00703125
0 0.7640625 0.1140625 0.01171875 0.0109375
0 0.69921875 0.10703125 0.00546875 0.00625
0 0.69609375 0.1203125 0.0078125 0.0078125
0 0.68984375 0.11171875 0.0078125 0.0078125
0 0.69765625 0.1125 0.00625 0.00703125
0 0.6265625 0.02578125 0.00859375 0.0078125
0 0.628125 0.03515625 0.0140625 0.01328125
0 0.66796875 0.32734375 0.00859375 0.009375
0 0.7171875 0.34765625 0.0109375 0.01015625
0 0.77421875 0.2890625 0.01640625 0.0140625
0 0.75703125 0.25 0.0078125 0.0078125
0 0.77109375 0.17421875 0.02734375 0.025
0 0.93515625 0.0265625 0.00703125 0.00703125
0 0.89765625 0.0546875 0.00859375 0.0109375
0 0.98515625 0.09375 0.01484375 0.01328125
0 0.96484375 0.08828125 0.01171875 0.0125
0 0.96015625 0.1015625 0.01328125 0.01484375
0 0.940625 0.053125 0.02109375 0.01484375
0 0.68515625 0.0375 0.0203125 0.01796875
0 0.67109375 0.05 0.01796875 0.01953125
0 0.66328125 0.03515625 0.01328125 0.01328125
0 0.68515625 0.0203125 0.0109375 0.0140625
0 0.678125 0.0078125 0.01796875 0.01484375
0 0.6703125 0.0234375 0.01640625 0.01171875
0 0.70625 0.01953125 0.0328125 0.0375
0 0.640625 0.21640625 0.009375 0.01015625
0 0.5703125 0.32421875 0.01953125 0.015625
0 0.58984375 0.2984375 0.03046875 0.03203125
0 0.52421875 0.1984375 0.00859375 0.0078125
0 0.55 0.13125 0.01171875 0.01015625
0 0.73984375 0.24296875 0.0125 0.0125
0 0.8375 0.3359375 0.01640625 0.015625
0 0.79921875 0.18046875 0.02265625 0.02109375
0 0.971875 0.95 0.01484375 0.015625
0 0.98984375 0.8296875 0.0109375 0.01015625
0 0.9328125 0.390625 0.015625 0.01484375
0 0.99140625 0.35078125 0.0109375 0.00859375
0 0.9875 0.3640625 0.0109375 0.0140625
0 0.6 0.32421875 0.009375 0.01875
0 0.58515625 0.3328125 0.0203125 0.025
0 0.565625 0.04453125 0.0078125 0.0078125
0 0.61171875 0.01328125 0.009375 0.0125
0 0.60234375 0.00703125 0.00859375 0.00859375
0 0.57734375 0.06328125 0.0078125 0.0078125
0 0.5796875 0.05390625 0.0125 0.0109375
0 0.68359375 0.0734375 0.0125 0.01171875
0 0.6578125 0.06171875 0.01171875 0.01171875
0 0.64765625 0.06171875 0.01015625 0.0109375
0 0.65078125 0.0484375 0.0171875 0.015625
0 0.5375 0.24609375 0.01875 0.0125
0 0.50625 0.2328125 0.0125 0.01796875
0 0.5359375 0.23515625 0.01328125 0.01015625
0 0.58359375 0.203125 0.0109375 0.0109375
0 0.8359375 0.14453125 0.00625 0.00625
0 0.840625 0.1375 0.0046875 0.00703125
0 0.82890625 0.196875 0.02109375 0.025
0 0.79375 0.23046875 0.01171875 0.01015625
0 0.978125 0.4125 0.0234375 0.0234375
0 0.89609375 0.7 0.01171875 0.00859375
0 0.9234375 0.94609375 0.01484375 0.01640625
0 0.9078125 0.9640625 0.01171875 0.01640625
0 0.9609375 0.8546875 0.01953125 0.0203125
0 0.93046875 0.65625 0.01953125 0.015625
0 0.9296875 0.6703125 0.0171875 0.01328125
0 0.921875 0.475 0.01484375 0.01328125
0 0.97109375 0.47890625 0.0140625 0.0125
0 0.8234375 0.2421875 0.00859375 0.01015625
0 0.81640625 0.2546875 0.0078125 0.00703125
0 0.8140625 0.26796875 0.01484375 0.015625
0 0.8625 0.13046875 0.01953125 0.03203125
0 0.84921875 0.17109375 0.028125 0.034375
0 0.746875 0.125 0.00859375 0.009375
0 0.71484375 0.14453125 0.0109375 0.01328125
0 0.68828125 0.0984375 0.0078125 0.00859375
0 0.8265625 0.54765625 0.01015625 0.01015625
0 0.8421875 0.56875 0.01015625 0.01171875
0 0.84140625 0.56015625 0.00859375 0.0078125
0 0.64140625 0.35546875 0.034375 0.03828125
0 0.62265625 0.38046875 0.01484375 0.021875
0 0.51875 0.33125 0.0078125 0.01171875
0 0.53046875 0.35625 0.02421875 0.03046875
0 0.4953125 0.3359375 0.01796875 0.0203125
0 0.50546875 0.3234375 0.00859375 0.01171875
0 0.51484375 0.31796875 0.01015625 0.01328125
0 0.4734375 0.4296875 0.0125 0.01171875
0 0.56015625 0.11171875 0.01015625 0.01171875
0 0.55390625 0.11640625 0.009375 0.01171875
0 0.6484375 0.01796875 0.0296875 0.03515625
0 0.6953125 0.06484375 0.00625 0.0078125
0 0.7125 0.125 0.021875 0.021875
0 0.71640625 0.15625 0.009375 0.00859375
0 0.71640625 0.16796875 0.01015625 0.0125
0 0.69609375 0.17578125 0.00625 0.0078125
0 0.68203125 0.19296875 0.0078125 0.00859375
0 0.61953125 0.34140625 0.01953125 0.021875
0 0.69609375 0.3421875 0.01796875 0.021875
0 0.86640625 0.16484375 0.00625 0.009375
0 0.775 0.0609375 0.0140625 0.015625
0 0.7015625 0.1421875 0.01015625 0.01171875
0 0.6203125 0.0078125 0.0125 0.0140625
0 0.59609375 0.02578125 0.01171875 0.01484375
0 0.5671875 0.05546875 0.00703125 0.01015625
0 0.56953125 0.06875 0.01015625 0.01015625
0 0.63046875 0.16953125 0.03046875 0.028125
0 0.65234375 0.1609375 0.01796875 0.0234375
0 0.6125 0.15 0.0078125 0.0109375
0 0.98515625 0.88359375 0.01171875 0.0140625
0 0.9859375 0.840625 0.0125 0.0125
0 0.9140625 0.66953125 0.0109375 0.01328125
0 0.9828125 0.45703125 0.015625 0.01796875
0 0.8984375 0.44140625 0.01328125 0.01171875
0 0.6 0.36015625 0.025 0.0265625
0 0.525 0.15078125 0.0078125 0.009375
0 0.571875 0.12578125 0.01171875 0.01484375
0 0.55390625 0.03828125 0.0078125 0.0109375
0 0.946875 0.109375 0.01015625 0.00859375
0 0.909375 0.0328125 0.01484375 0.01171875
0 0.84765625 0.146875 0.01171875 0.01171875
0 0.87109375 0.184375 0.0140625 0.0140625
0 0.821875 0.22265625 0.015625 0.0140625
0 0.6984375 0.24453125 0.01015625 0.009375
0 0.71640625 0.2171875 0.0078125 0.0078125
0 0.72734375 0.23203125 0.01171875 0.01640625
0 0.71640625 0.2328125 0.0125 0.0140625
0 0.68359375 0.2109375 0.00546875 0.00625
0 0.68984375 0.20390625 0.00859375 0.0109375
0 0.63671875 0.24921875 0.01328125 0.0140625
0 0.55703125 0.05234375 0.01171875 0.01484375
0 0.5609375 0.08125 0.0234375 0.0171875
0 0.54296875 0.06640625 0.0171875 0.01796875
0 0.95703125 0.99453125 0.0140625 0.0109375
0 0.9375 0.8109375 0.01953125 0.02265625
0 0.96015625 0.71484375 0.0140625 0.015625
0 0.95078125 0.74765625 0.01640625 0.01640625
0 0.809375 0.45 0.0125 0.01171875
0 0.7796875 0.240625 0.01796875 0.0171875
0 0.58828125 0.10078125 0.01015625 0.01328125
0 0.56171875 0.09765625 0.0125 0.0140625
0 0.5421875 0.04296875 0.01484375 0.01796875
0 0.7609375 0.0640625 0.01171875 0.01328125
0 0.9375 0.0109375 0.009375 0.0109375
0 0.51796875 0.0421875 0.01328125 0.01171875
0 0.5125 0.05703125 0.0171875 0.0171875
0 0.75234375 0.23828125 0.0125 0.015625
0 0.6828125 0.3140625 0.02265625 0.03046875
0 0.82109375 0.371875 0.01640625 0.01875
0 0.89375 0.47421875 0.01484375 0.01875
0 0.9140625 0.459375 0.0125 0.01328125
0 0.95625 0.44921875 0.0109375 0.0171875
0 0.9421875 0.49296875 0.01953125 0.021875
0 0.84765625 0.05625 0.01328125 0.01328125
0 0.7640625 0.12578125 0.01328125 0.0109375
0 0.896875 0.2734375 0.009375 0.0125
0 0.89609375 0.284375 0.0109375 0.01171875
0 0.9109375 0.2734375 0.015625 0.01953125
0 0.7796875 0.47890625 0.025 0.02265625
0 0.7796875 0.2625 0.01328125 0.01484375
0 0.965625 0.0453125 0.0140625 0.0171875
0 0.975 0.10703125 0.01484375 0.0171875
0 0.946875 0.29921875 0.02578125 0.0234375
0 0.87578125 0.44375 0.0140625 0.0171875
0 0.9015625 0.59921875 0.01328125 0.0109375
0 0.9171875 0.61171875 0.0125 0.01796875
0 0.9390625 0.73359375 0.01484375 0.01484375
0 0.91171875 0.859375 0.03125 0.0234375
0 0.9234375 0.90078125 0.02578125 0.02265625
0 0.93046875 0.971875 0.0203125 0.025
0 0.85546875 0.8734375 0.0265625 0.02578125
0 0.4734375 0.3125 0.01484375 0.01875
0 0.68828125 0.0546875 0.0109375 0.0140625
0 0.74296875 0.103125 0.0234375 0.025
0 0.546875 0.0125 0.021875 0.025
0 0.153125 0.759375 0.015625 0.01875
0 0.68984375 0.278125 0.01328125 0.01328125
0 0.70390625 0.3671875 0.02734375 0.028125
0 0.7546875 0.43359375 0.0296875 0.0296875
0 0.82265625 0.53125 0.01484375 0.015625
0 0.84140625 0.5484375 0.0171875 0.0140625
0 0.71015625 0.19765625 0.02578125 0.02734375
0 0.66875 0.14453125 0.021875 0.02578125
0 0.665625 0.084375 0.0265625 0.028125
0 0.525 0.13046875 0.01796875 0.01953125
0 0.47109375 0.2125 0.01171875 0.00859375
0 0.496875 0.2890625 0.03828125 0.03515625
0 0.56484375 0.36328125 0.01171875 0.01328125
0 0.55 0.34921875 0.01484375 0.01875
0 0.63828125 0.190625 0.01171875 0.01328125
0 0.61953125 0.1984375 0.02421875 0.02578125
0 0.6140625 0.23359375 0.03359375 0.04296875
0 0.61640625 0.2765625 0.01328125 0.0171875
0 0.50390625 0.11328125 0.0140625 0.01484375
0 0.49296875 0.09296875 0.01953125 0.0234375
0 0.515625 0.1453125 0.01171875 0.01796875
0 0.528125 0.0953125 0.03984375 0.04609375
0 0.58125 0.03984375 0.0203125 0.01796875
0 0.8765625 0.084375 0.0390625 0.046875
0 0.85703125 0.35390625 0.009375 0.00859375
0 0.8828125 0.38203125 0.0109375 0.01015625
0 0.8625 0.43359375 0.01484375 0.015625
0 0.8875 0.4515625 0.0125 0.01328125
0 0.91953125 0.44765625 0.01015625 0.01171875
0 0.99140625 0.63828125 0.01640625 0.0390625
0 0.8796875 0.61875 0.009375 0.00859375
0 0.89296875 0.66328125 0.0140625 0.0125
0 0.9109375 0.67890625 0.01015625 0.0109375
0 0.93046875 0.6875 0.01640625 0.01640625
0 0.9140625 0.6921875 0.01171875 0.015625
0 0.84921875 0.696875 0.02265625 0.02734375
0 0.853125 0.62890625 0.01640625 0.02265625
0 0.846875 0.653125 0.02109375 0.021875
0 0.86015625 0.66640625 0.01171875 0.015625
0 0.88046875 0.6765625 0.015625 0.0171875
0 0.88984375 0.715625 0.0171875 0.01640625
0 0.79609375 0.45546875 0.01171875 0.0140625
0 0.821875 0.47890625 0.01171875 0.0140625
0 0.859375 0.51640625 0.01171875 0.01015625
0 0.884375 0.55234375 0.015625 0.015625
0 0.8890625 0.5703125 0.01328125 0.01796875
0 0.90078125 0.584375 0.01796875 0.0203125
0 0.9171875 0.59453125 0.0125 0.015625
0 0.93046875 0.61015625 0.01328125 0.01796875
0 0.84453125 0.49375 0.02421875 0.0296875
0 0.8453125 0.52421875 0.009375 0.0125
0 0.88984375 0.60859375 0.01796875 0.01875
0 0.91953125 0.29609375 0.0140625 0.015625
0 0.8953125 0.29609375 0.0140625 0.0140625
0 0.81484375 0.5046875 0.0171875 0.0203125
0 0.8296875 0.43359375 0.021875 0.02578125
0 0.84765625 0.5953125 0.0125 0.01640625
0 0.8703125 0.58828125 0.01953125 0.021875
0 0.90390625 0.63515625 0.0234375 0.02890625
0 0.9296875 0.7109375 0.01796875 0.0203125
0 0.934375 0.75859375 0.01953125 0.0234375
0 0.92109375 0.78828125 0.0140625 0.015625
0 0.865625 0.72578125 0.0171875 0.025
0 0.821875 0.5734375 0.0203125 0.02734375
0 0.7921875 0.5703125 0.0203125 0.02265625
0 0.80703125 0.603125 0.0109375 0.01328125
0 0.8796875 0.6484375 0.01796875 0.02734375
0 0.8703125 0.49921875 0.015625 0.02265625
0 0.9125 0.40546875 0.03203125 0.03203125
0 0.93515625 0.42421875 0.01953125 0.02265625
0 0.878125 0.41640625 0.02421875 0.02734375
0 0.85625 0.38671875 0.03359375 0.034375
0 0.97578125 0.334375 0.01875 0.02890625
0 0.61484375 0.0875 0.03828125 0.046875
0 0.49609375 0.15390625 0.021875 0.0265625
0 0.4703125 0.14921875 0.02578125 0.040625
0 0.46328125 0.2359375 0.01796875 0.015625
0 0.7265625 0.42265625 0.01875 0.02109375
0 0.75 0.48671875 0.0234375 0.02265625
0 0.7890625 0.51640625 0.01640625 0.01796875
0 0.80078125 0.5359375 0.0140625 0.015625
0 0.75703125 0.5203125 0.03515625 0.03359375
0 0.7296875 0.4890625 0.01953125 0.01875
0 0.709375 0.49375 0.01484375 0.01171875
0 0.70234375 0.503125 0.01015625 0.0125
0 0.69921875 0.465625 0.02734375 0.03046875
0 0.65859375 0.446875 0.03046875 0.03125
0 0.6796875 0.425 0.0296875 0.028125
0 0.70625 0.43359375 0.00859375 0.0078125
0 0.7984375 0.50078125 0.01875 0.02421875
0 0.9484375 0.32890625 0.03125 0.0390625
0 0.85859375 0.33046875 0.01796875 0.021875
0 0.88671875 0.23203125 0.0578125 0.06875
0 0.9703125 0.01796875 0.03359375 0.0359375
0 0.94296875 0.078125 0.0265625 0.03046875
0 0.803125 0.04375 0.04375 0.04765625
0 0.6859375 0.14453125 0.0171875 0.021875
0 0.71171875 0.0953125 0.01953125 0.02109375
0 0.5765625 0.015625 0.02578125 0.02734375
0 0.5859375 0.1890625 0.0140625 0.01796875
0 0.5796875 0.21875 0.01640625 0.01796875
0 0.55859375 0.2203125 0.0171875 0.021875
0 0.4484375 0.1921875 0.0328125 0.03125
0 0.63359375 0.05546875 0.01953125 0.015625
0 0.7390625 0.1421875 0.0171875 0.0203125
0 0.6359375 0.27421875 0.0078125 0.01015625
0 0.63671875 0.29296875 0.0078125 0.0078125
0 0.6578125 0.28203125 0.0265625 0.028125
0 0.5875 0.42265625 0.0171875 0.01953125
0 0.559375 0.42109375 0.01640625 0.02265625
0 0.56328125 0.4453125 0.01953125 0.02265625
0 0.57734375 0.44609375 0.01640625 0.01953125
0 0.59453125 0.44375 0.0171875 0.0203125
0 0.5875 0.46640625 0.02109375 0.025
0 0.58359375 0.3953125 0.0296875 0.03125
0 0.4984375 0.19375 0.015625 0.01796875
0 0.5140625 0.18359375 0.0171875 0.0234375
0 0.5046875 0.21015625 0.01640625 0.0203125
0 0.725 0.06640625 0.034375 0.03984375
0 0.63203125 0.14296875 0.02890625 0.028125
0 0.5640625 0.19921875 0.025 0.02578125
0 0.54296875 0.28359375 0.02421875 0.025
0 0.54453125 0.30390625 0.0203125 0.01953125
0 0.4609375 0.29140625 0.02109375 0.02890625
0 0.44609375 0.15234375 0.01875 0.02265625
0 0.44765625 0.25 0.01484375 0.01796875
0 0.43828125 0.22109375 0.02109375 0.02890625
0 0.4109375 0.2078125 0.01953125 0.01796875
0 0.3984375 0.2265625 0.028125 0.0296875