0 0.45078125 0.0046875 0.00234375 0.00234375
0 0.7390625 0.35234375 0.0046875 0.00625
0 0.74375 0.3453125 0.00390625 0.00546875
0 0.6375 0.8171875 0.0015625 0.0015625
0 0.77109375 0.17890625 0.00234375 0.00234375
0 0.734375 0.00703125 0.00234375 0.00234375
0 0.72890625 0.29609375 0.00234375 0.00234375
0 0.88828125 0.12109375 0.0015625 0.0015625
0 0.9609375 0.00625 0.00234375 0.0015625
0 0.96015625 0.0078125 0.0015625 0.0015625
0 0.95390625 0.01640625 0.0015625 0.0015625
0 0.95234375 0.01796875 0.003125 0.003125
0 0.95546875 0.0140625 0.00234375 0.003125
0 0.7203125 0.334375 0.0046875 0.0046875
0 0.72734375 0.3390625 0.00390625 0.00390625
0 0.728125 0.334375 0.0046875 0.0046875
0 0.725 0.359375 0.003125 0.00390625
0 0.7359375 0.359375 0.0015625 0.00234375
0 0.7640625 0.32890625 0.00390625 0.00390625
0 0.74453125 0.31171875 0.00390625 0.00390625
0 0.74140625 0.309375 0.00234375 0.0015625
0 0.73828125 0.3078125 0.00390625 0.0046875
0 0.734375 0.31015625 0.00234375 0.00234375
0 0.73125 0.3125 0.00234375 0.003125
0 0.728125 0.31328125 0.00234375 0.003125
0 0.72890625 0.3171875 0.00234375 0.00234375
0 0.725 0.31953125 0.00234375 0.00234375
0 0.725 0.315625 0.00390625 0.00390625
0 0.721875 0.3203125 0.003125 0.00234375
0 0.71875 0.321875 0.003125 0.0046875
0 0.71953125 0.32890625 0.00703125 0.00546875
0 0.721875 0.33984375 0.00546875 0.00625
0 0.72265625 0.34921875 0.00546875 0.0046875
0 0.73359375 0.3515625 0.00703125 0.00625
0 0.74375 0.35390625 0.00703125 0.00625
0 0.73984375 0.359375 0.00546875 0.00546875
0 0.73515625 0.3296875 0.00625 0.00625
0 0.74453125 0.3328125 0.00546875 0.00546875
0 0.75234375 0.34296875 0.00546875 0.00546875
0 0.915625 0.49609375 0.01640625 0.015625