0 0.8921875 0.728125 0.02421875 0.01953125
0 0.9171875 0.74140625 0.02265625 0.02109375
0 0.903125 0.7484375 0.01640625 0.02109375
0 0.8640625 0.75859375 0.01640625 0.015625
0 0.87890625 0.79453125 0.025 0.0234375
0 0.8875 0.82734375 0.03125 0.02890625
0 0.8484375 0.784375 0.02890625 0.0296875
0 0.96796875 0.8015625 0.0328125 0.02890625
0 0.9265625 0.82421875 0.06328125 0.04765625
0 0.09296875 0.30703125 0.02265625 0.0296875
0 0.90390625 0.33125 0.03046875 0.04140625
0 0.8765625 0.31640625 0.03984375 0.04765625
0 0.321875 0.48046875 0.04765625 0.0375
0 0.3046875 0.51640625 0.028125 0.0359375
0 0.2640625 0.521875 0.05234375 0.0640625
0 0.7375 0.075 0.0265625 0.025
0 0.584375 0.015625 0.021875 0.021875
0 0.5453125 0.034375 0.01796875 0.01953125
0 0.60390625 0.26640625 0.034375 0.025
0 0.57265625 0.2640625 0.0234375 0.01953125
0 0.5765625 0.2828125 0.02265625 0.01875
0 0.5421875 0.26875 0.01796875 0.02265625
0 0.521875 0.2859375 0.01796875 0.0171875
0 0.50625 0.2890625 0.0125 0.01875
0 0.48046875 0.01953125 0.03046875 0.03828125
0 0.925 0.8703125 0.0296875 0.03046875
0 0.7515625 0.81484375 0.04375 0.04296875
0 0.97734375 0.36640625 0.0296875 0.028125
0 0.89765625 0.50546875 0.08046875 0.0859375
0 0.95546875 0.509375 0.03359375 0.03828125
0 0.80546875 0.1953125 0.02265625 0.0265625
0 0.85078125 0.28203125 0.01875 0.015625
0 0.81796875 0.240625 0.0546875 0.05546875
0 0.79375 0.14375 0.015625 0.0203125
0 0.97890625 0.0921875 0.040625 0.065625
0 0.8875 0.01875 0.03828125 0.02734375
0 0.87890625 0.1203125 0.01484375 0.01171875
0 0.87578125 0.09765625 0.025 0.02734375
0 0.83359375 0.15234375 0.02109375 0.025
0 0.775 0.1109375 0.02421875 0.0359375
0 0.79140625 0.07734375 0.03046875 0.034375
0 0.16640625 0.04453125 0.01953125 0.0375
0 0.0375 0.03671875 0.03984375 0.04921875
0 0.09453125 0.94140625 0.02421875 0.0234375
0 0.5015625 0.8828125 0.01953125 0.02265625
0 0.5125 0.9375 0.02578125 0.0203125
0 0.621875 0.921875 0.03671875 0.040625
0 0.68671875 0.91953125 0.0453125 0.04140625
0 0.8109375 0.95078125 0.03125 0.04296875
0 0.83046875 0.91640625 0.0390625 0.0375
0 0.9609375 0.9609375 0.07578125 0.0765625
0 0.90546875 0.975 0.04921875 0.0484375
0 0.89375 0.92578125 0.0484375 0.04765625
0 0.96953125 0.9015625 0.04765625 0.0453125
0 0.2078125 0.9578125 0.03046875 0.0296875
0 0.6453125 0.83046875 0.028125 0.03828125
0 0.92421875 0.77734375 0.05078125 0.04765625
0 0.7609375 0.03125 0.078125 0.0625
0 0.61875 0.02265625 0.05 0.0453125
0 0.8453125 0.97265625 0.0515625 0.053125
0 0.3828125 0.9609375 0.078125 0.07578125
0 0.51484375 0.0125 0.0421875 0.025
0 0.675 0.96875 0.05390625 0.05546875
0 0.64375 0.36015625 0.04296875 0.04453125
0 0.5828125 0.0359375 0.0296875 0.02734375
0 0.47109375 0.27734375 0.02890625 0.02734375
0 0.3359375 0.02109375 0.096875 0.0421875
0 0.2390625 0.0265625 0.09453125 0.053125
0 0.10703125 0.26875 0.03046875 0.03046875
0 0.4765625 0.9703125 0.08046875 0.0578125
0 0.61328125 0.9703125 0.059375 0.05703125
0 0.32421875 0.43125 0.040625 0.04375
0 0.43984375 0.3828125 0.0203125 0.03359375
0 0.06015625 0.46796875 0.03203125 0.04140625
0 0.41171875 0.359375 0.03359375 0.0296875
0 0.95078125 0.321875 0.05234375 0.0671875
0 0.95390625 0.4359375 0.05 0.0828125
0 0.38671875 0.328125 0.01953125 0.02421875
0 0.1671875 0.5515625 0.03828125 0.03828125
0 0.12890625 0.540625 0.0359375 0.04609375
0 0.01796875 0.9640625 0.03515625 0.0703125
0 0.65390625 0.93125 0.02890625 0.0296875
0 0.93046875 0.10078125 0.0296875 0.03046875
0 0.91015625 0.11015625 0.021875 0.03125
0 0.7140625 0.13046875 0.034375 0.03984375
0 0.69296875 0.07890625 0.05546875 0.0578125
0 0.65 0.0625 0.02734375 0.03359375
0 0.76875 0.76875 0.0609375 0.0484375
0 0.75234375 0.9640625 0.08125 0.0703125
0 0.32265625 0.878125 0.02421875 0.02421875
0 0.284375 0.8578125 0.04609375 0.0421875
0 0.54296875 0.2296875 0.03203125 0.0390625
0 0.95234375 0.0375 0.0453125 0.06171875
0 0.88515625 0.0640625 0.05078125 0.05546875
0 0.75234375 0.17265625 0.0609375 0.04296875
0 0.47265625 0.1078125 0.04296875 0.0484375
0 0.2828125 0.928125 0.0359375 0.034375
0 0.240625 0.92265625 0.05390625 0.05546875
0 0.253125 0.88125 0.0390625 0.03359375
0 0.390625 0.15234375 0.040625 0.04453125
0 0.97890625 0.16328125 0.04140625 0.046875
0 0.96484375 0.203125 0.05390625 0.05703125
0 0.86015625 0.11328125 0.0171875 0.0265625
0 0.65234375 0.1265625 0.0484375 0.0640625
0 0.47109375 0.1625 0.04453125 0.06328125
0 0.4171875 0.08203125 0.10703125 0.09609375
0 0.365625 0.3875 0.05234375 0.065625
0 0.05703125 0.94453125 0.04765625 0.0375
0 0.3921875 0.4765625 0.02265625 0.021875
0 0.01875 0.28828125 0.0375 0.04375
0 0.40859375 0.39765625 0.040625 0.053125
0 0.25625 0.459375 0.07890625 0.06875
0 0.45390625 0.334375 0.04140625 0.059375
0 0.30390625 0.38125 0.0609375 0.04921875
0 0.015625 0.3328125 0.028125 0.04375
0 0.8484375 0.8234375 0.034375 0.04375
0 0.69140625 0.17421875 0.046875 0.04375
0 0.40546875 0.21953125 0.0703125 0.08125
0 0.33359375 0.075 0.05625 0.06015625
0 0.1625 0.23828125 0.0265625 0.03203125
0 0.19453125 0.24296875 0.025 0.0296875
0 0.159375 0.4609375 0.0640625 0.0578125
0 0.17890625 0.94140625 0.028125 0.02890625
0 0.32265625 0.12421875 0.028125 0.03125
0 0.52109375 0.040625 0.028125 0.0296875
0 0.5671875 0.1296875 0.0390625 0.04453125
0 0.3296875 0.1953125 0.08828125 0.09765625
0 0.0984375 0.0390625 0.0453125 0.0515625
0 0.1734375 0.2015625 0.0546875 0.04609375
0 0.01875 0.484375 0.0375 0.07890625
0 0.87421875 0.14921875 0.0484375 0.04140625
0 0.9296875 0.2203125 0.0328125 0.0390625
0 0.809375 0.8390625 0.05234375 0.06875
0 0.24765625 0.809375 0.0421875 0.04609375
0 0.08359375 0.98125 0.0359375 0.0359375
0 0.1484375 0.2578125 0.0328125 0.03203125
0 0.57734375 0.171875 0.0171875 0.0296875
0 0.8625 0.19375 0.04921875 0.04921875
0 0.22890625 0.38515625 0.0671875 0.05625
0 0.6125 0.309375 0.05234375 0.05703125
0 0.1421875 0.584375 0.04375 0.04765625
0 0.7484375 0.90390625 0.08046875 0.05546875
0 0.575 0.31171875 0.028125 0.03359375
0 0.58359375 0.3953125 0.0453125 0.0453125
0 0.98125 0.50625 0.0359375 0.0484375
0 0.2390625 0.3484375 0.05546875 0.04609375
0 0.25703125 0.78046875 0.04140625 0.04765625
0 0.5640625 0.8453125 0.04375 0.0359375
0 0.5703125 0.9 0.06875 0.07890625
0 0.5578125 0.96015625 0.04921875 0.04140625
0 0.1890625 0.04765625 0.025 0.028125
0 0.3578125 0.1203125 0.0265625 0.03203125
0 0.046875 0.1625 0.09375 0.0890625
0 0.09921875 0.4265625 0.0625 0.06640625
0 0.88359375 0.8828125 0.04765625 0.0453125
0 0.76015625 0.14296875 0.028125 0.0265625
0 0.609375 0.353125 0.028125 0.025
0 0.8296875 0.040625 0.0515625 0.0515625
0 0.7046875 0.2578125 0.01640625 0.03125
0 0.70625 0.3234375 0.03984375 0.04765625
0 0.71640625 0.28984375 0.0296875 0.02421875
0 0.92734375 0.37890625 0.0453125 0.0515625
0 0.8109375 0.79375 0.0203125 0.03125
0 0.0859375 0.87265625 0.015625 0.01640625
0 0.16328125 0.8671875 0.01484375 0.01796875
0 0.19140625 0.87265625 0.03046875 0.02578125
0 0.146875 0.8921875 0.03125 0.03125
0 0.1375 0.9421875 0.053125 0.0625
0 0.20546875 0.7609375 0.0703125 0.05859375
0 0.13828125 0.509375 0.0296875 0.0296875
0 0.36796875 0.2734375 0.0265625 0.02890625
0 0.27890625 0.09296875 0.05546875 0.06953125
0 0.275 0.146875 0.0359375 0.0390625
0 0.2171875 0.14609375 0.07265625 0.075
0 0.16328125 0.15703125 0.04609375 0.053125
0 0.03515625 0.23515625 0.053125 0.05546875
0 0.0359375 0.415625 0.05625 0.05859375
0 0.0203125 0.55859375 0.040625 0.0453125
0 0.103125 0.2140625 0.07421875 0.08984375
0 0.059375 0.90625 0.0515625 0.04765625
0 0.284375 0.27890625 0.04921875 0.053125
0 0.284375 0.58671875 0.046875 0.0515625
0 0.67109375 0.7609375 0.0328125 0.03125
0 0.43828125 0.8921875 0.1015625 0.09296875
0 0.78671875 0.2109375 0.01875 0.04296875
0 0.46640625 0.39375 0.03359375 0.034375
0 0.5234375 0.1203125 0.05078125 0.04921875
0 0.08203125 0.53828125 0.05390625 0.04921875
0 0.20390625 0.51640625 0.0390625 0.0421875
0 0.215625 0.55625 0.05078125 0.04296875
0 0.1921875 0.5859375 0.04375 0.0328125
0 0.115625 0.86640625 0.02421875 0.0265625
0 0.16953125 0.82734375 0.05546875 0.059375
0 0.609375 0.81484375 0.0453125 0.03515625
0 0.97890625 0.7703125 0.04140625 0.03671875
0 0.75703125 0.86171875 0.065625 0.04765625
0 0.90234375 0.27421875 0.0421875 0.04453125
0 0.8703125 0.23515625 0.02734375 0.03046875
0 0.9078125 0.23359375 0.03671875 0.03828125
0 0.97734375 0.25 0.03984375 0.0359375
0 0.9421875 0.2609375 0.03359375 0.0375
0 0.765625 0.384375 0.0734375 0.04921875
0 0.83203125 0.3484375 0.05234375 0.0609375
0 0.875 0.36484375 0.04140625 0.0546875
0 0.659375 0.22265625 0.05703125 0.05390625
0 0.578125 0.20078125 0.03203125 0.028125
0 0.484375 0.31484375 0.034375 0.0421875
0 0.1546875 0.375 0.03828125 0.0296875
0 0.153125 0.403125 0.0390625 0.028125
0 0.58359375 0.07109375 0.040625 0.03125
0 0.55078125 0.08515625 0.0296875 0.034375
0 0.6171875 0.17734375 0.0453125 0.0515625
0 0.66640625 0.28046875 0.053125 0.05703125
0 0.64765625 0.8765625 0.0390625 0.04140625
0 0.5 0.05078125 0.021875 0.02734375
0 0.071875 0.27421875 0.04296875 0.03828125
0 0.08828125 0.58125 0.0390625 0.03046875
0 0.64765625 0.4046875 0.053125 0.04375
0 0.65234375 0.47265625 0.0359375 0.0484375
0 0.61796875 0.46875 0.0359375 0.0609375
0 0.5921875 0.23515625 0.06328125 0.0390625
0 0.434375 0.175 0.02734375 0.028125
0 0.1484375 0.090625 0.07109375 0.0640625
0 0.10078125 0.49453125 0.0390625 0.03828125
0 0.05703125 0.828125 0.0640625 0.0640625
0 0.1390625 0.86640625 0.0140625 0.01640625
0 0.46640625 0.75703125 0.0421875 0.046875
0 0.53125 0.7625 0.02734375 0.0296875
0 0.50234375 0.75703125 0.0296875 0.03984375
0 0.509375 0.8125 0.06328125 0.05546875
0 0.35625 0.74140625 0.0359375 0.0484375
0 0.23359375 0.72109375 0.04296875 0.02734375
0 0.25859375 0.70078125 0.02890625 0.0359375
0 0.14140625 0.7703125 0.0296875 0.03671875
0 0.11328125 0.778125 0.03203125 0.03359375
0 0.11484375 0.7453125 0.0390625 0.03046875
0 0.1078125 0.8390625 0.02578125 0.0203125
0 0.85234375 0.5578125 0.034375 0.0296875
0 0.83203125 0.5296875 0.034375 0.03828125
0 0.8234375 0.11328125 0.04765625 0.05390625
0 0.8015625 0.29140625 0.0796875 0.046875
0 0.55 0.33046875 0.03359375 0.02890625
0 0.22109375 0.08515625 0.040625 0.04296875
0 0.05390625 0.07734375 0.0328125 0.03046875
0 0.0796875 0.11328125 0.0453125 0.0390625
0 0.2453125 0.2234375 0.05078125 0.04921875
0 0.3609375 0.31171875 0.03203125 0.03359375
0 0.53203125 0.36171875 0.04765625 0.0484375
0 0.5484375 0.41015625 0.05078125 0.05546875
0 0.578125 0.4421875 0.0390625 0.04375
0 0.5703125 0.4796875 0.03046875 0.03515625
0 0.5390625 0.16015625 0.0265625 0.0296875
0 0.53046875 0.18984375 0.02265625 0.025
0 0.5 0.18125 0.0390625 0.04921875
0 0.446875 0.20078125 0.0203125 0.025
0 0.2765625 0.18359375 0.040625 0.04140625
0 0.059375 0.3234375 0.04921875 0.06015625
0 0.171875 0.51953125 0.02734375 0.0328125
0 0.3640625 0.4640625 0.03359375 0.03828125
0 0.38515625 0.521875 0.05 0.0609375
0 0.37734375 0.70234375 0.03828125 0.04375
0 0.3125 0.70625 0.03515625 0.0359375
0 0.31953125 0.6796875 0.0203125 0.0171875
0 0.33828125 0.65703125 0.0328125 0.0359375
0 0.7734375 0.3359375 0.053125 0.0546875
0 0.5078125 0.2515625 0.0484375 0.04921875
0 0.42265625 0.296875 0.046875 0.04140625
0 0.3890625 0.75078125 0.03046875 0.03984375
0 0.43203125 0.80703125 0.0390625 0.0484375
0 0.24296875 0.30390625 0.06328125 0.059375
0 0.11171875 0.615625 0.0484375 0.05390625
0 0.67578125 0.8 0.0453125 0.046875
0 0.74375 0.109375 0.0390625 0.0453125
0 0.15234375 0.2984375 0.04609375 0.04765625
0 0.325 0.565625 0.046875 0.05234375
0 0.56640625 0.79140625 0.02421875 0.03046875
0 0.059375 0.67109375 0.0640625 0.05234375
0 0.33359375 0.821875 0.065625 0.06328125
0 0.19453125 0.9078125 0.04765625 0.04140625
0 0.75703125 0.221875 0.04375 0.0515625
0 0.5203125 0.6265625 0.03984375 0.0359375
0 0.55234375 0.65625 0.04296875 0.03828125
0 0.59453125 0.703125 0.05859375 0.06015625
0 0.8859375 0.64453125 0.0296875 0.0359375
0 0.9296875 0.6640625 0.06171875 0.05703125
0 0.8265625 0.69140625 0.06015625 0.0640625
0 0.83125 0.63203125 0.04453125 0.0421875
0 0.88515625 0.44609375 0.04453125 0.04140625
0 0.759375 0.478125 0.040625 0.05
0 0.7234375 0.53125 0.03125 0.03359375
0 0.70625 0.54609375 0.034375 0.0359375
0 0.68515625 0.590625 0.03671875 0.04296875
0 0.49296875 0.4375 0.04609375 0.0453125
0 0.4609375 0.46640625 0.0484375 0.05
0 0.4640625 0.6140625 0.03671875 0.04453125